# Created by Octave 4.2.1, Sun Apr 22 08:19:20 2018 GMT <unknown@unknown>
# name: i
# type: scalar
1557


# name: t
# type: scalar
21.29818201065063


# name: a2
# type: matrix
# rows: 5
# columns: 16
 0.0001513617325167575 0.9996134069070204 0.1222266612352555 0.000204159336862247 0.05975175276086277 0.9997370161196871 0.9996737605177013 0.0008190911561091621 0.9996152942919786 0.005713458282336788 0.00945735616059489 0.9988706364228641 0.9997182886537701 0.9998437770416631 0.7071882160845895 0.9985849357854948
 0.9996324192448617 0.1002066859140757 0.9983210149293085 0.8962078235507657 0.9994700862126167 0.9940374339499839 0.1732876520622019 0.9665668762410167 0.9997594553905486 0.149006797657534 0.0006690868851279834 0.0001217615809558044 0.9995945187237781 0.9997149195126825 0.0002113789146009037 0.0005184534356320716
 0.5293404662958886 0.9998137099188722 0.3177517935630764 0.9997590192775651 0.9996925363369611 0.0001141198506714548 0.409410804946472 0.001331624258357222 0.0009015368259201911 0.9995564553414994 0.1873426891430118 0.7494039297244343 0.08403763210585129 0.9995642853824797 0.9994395548572255 0.002407177631953607
 0.9996469974264856 0.000306512605302959 0.9997414902559513 0.3393576216226972 0.0003432726745204176 0.9998424790980187 0.9997622543997273 0.03176866536133432 0.4332147613791439 0.9994575477823272 0.09301064519390244 0.9998111010659326 0.0001524651931993816 0.0001408592026859549 0.2701517748199123 0.08727183921124128
 0.9998505807564005 0.9989282542539004 0.0003914853079724728 0.0001368856033028683 0.9993380191202309 0.9752394905713125 0.0001952467796708591 0.3283715138132601 0.0001738764849481664 0.3865562058131382 0.7722741040109656 0.9998363468675011 0.9997659450089817 0.07474656155812208 0.0002320847915061154 0.3693978787075303


# name: a4
# type: matrix
# rows: 16
# columns: 16
 0.9999999999999738 7.556437511694878e-053 9.803964738199233e-015 8.417218042549667e-033 6.918588809560673e-015 6.157436595224066e-015 3.839473358377369e-051 3.224769298156945e-018 1.018146309887763e-051 4.570594473339643e-015 5.428214329834582e-015 2.203034755421389e-030 1.892174401801501e-035 2.631087078045697e-070 2.385431099013035e-064 2.063183218850202e-056
 5.928474656895457e-049 0.99999999999998 2.942592390823493e-070 6.118325346344454e-042 6.708539004496757e-015 3.222330352280833e-046 4.003794660390789e-043 5.427120834217889e-044 1.961395178705389e-050 3.053886993196771e-037 2.377456967019584e-015 3.845687934320822e-015 2.579318929394085e-018 1.997785655550798e-022 6.5557567851568e-015 8.074119536240714e-015
 2.810383622398295e-015 2.258432631283083e-080 0.99999999999998 3.71189585402602e-015 7.919585835793834e-052 2.010132433684072e-026 4.35881055327312e-015 7.020289487302775e-015 2.419924037575066e-015 3.051734420246102e-015 2.414723438463958e-038 8.669581596447278e-050 8.120782769248219e-056 3.622252305618407e-046 9.778960167815919e-041 6.363309380023716e-045
 1.942749067221383e-038 1.288648230839364e-051 5.373840346998231e-015 0.9999999999999769 3.106452446837068e-015 7.167633109974565e-081 8.244801955942884e-047 6.269396353119005e-015 2.491772827821925e-041 5.244821036159283e-015 1.361566857547283e-033 1.550792468348876e-072 3.43558270835478e-065 4.28089217768474e-015 3.643020809161318e-015 9.352445598837547e-056
 2.482882315422677e-015 5.166768977877458e-015 4.59349216785503e-041 7.326303456478743e-015 0.9999999999999809 2.96556413786794e-043 9.957402694481104e-066 5.741973431660106e-015 4.600478310286797e-050 5.107277749055947e-030 4.975121615500318e-015 2.306054824676296e-042 8.848506322061127e-019 2.998177040817341e-024 1.13568609639576e-036 3.159292820560012e-045
 7.796732249744471e-015 7.187541155096646e-050 1.781614188967316e-019 1.269044917667767e-063 7.781385747323769e-058 0.9999999999999747 1.06470585960249e-015 4.756122304397798e-027 9.431639677847376e-015 1.044067444627977e-040 3.529872950907873e-025 4.874724576240341e-015 7.591065547022793e-015 3.860050968614791e-064 5.644570859078303e-059 1.158468305043881e-016
 9.985239743723367e-047 1.227219949253184e-048 7.087340017170937e-015 3.467439625080675e-041 6.206799800834564e-080 1.677726192471158e-026 0.9999999999999791 9.785604937594118e-049 9.891823471574884e-016 2.52700501909892e-017 4.411836623784087e-041 3.777361985547027e-015 9.275706850107056e-057 6.491290865640984e-042 5.242401995239086e-015 7.496539037913781e-015
 4.527911549870211e-025 2.321129275319386e-054 3.769072515361828e-015 9.43290866160671e-016 2.003109170605423e-015 2.125922970803676e-035 2.347470566182402e-053 0.9999999999999853 3.048834384473336e-015 5.617096944891927e-048 4.420230169057286e-015 1.930965400842296e-072 1.864679772382604e-015 1.323338108290435e-029 8.525317438601691e-048 5.106582547013296e-030
 7.412470887038734e-051 1.381038952159103e-057 6.429993239516251e-015 8.518526718112991e-036 2.654733282839413e-059 4.553403704541539e-016 1.425444288978023e-015 4.653852883311853e-015 0.9999999999999796 1.594157940742279e-062 1.57388619983661e-050 6.384768331985633e-056 1.252456149589861e-015 3.610323003160547e-015 2.299801435872602e-038 8.241965912276841e-015
 3.702501450158085e-015 5.880096405763329e-036 2.257319735212746e-015 1.956803473707816e-015 5.056242772713e-032 3.382542735996181e-047 3.158349648853447e-018 7.155246623182828e-038 6.049214345361797e-054 0.9999999999999849 3.25204116556166e-015 1.343257493580838e-015 1.223273682453373e-067 4.5473540685024e-051 6.172910331782144e-015 7.858912026648327e-041
 2.125683299623702e-017 4.851156033970359e-016 3.321212279267861e-037 2.430810731559521e-034 1.329449144608413e-015 3.026774548920459e-034 5.018901396150805e-039 3.79357194461919e-015 1.57079283506606e-048 2.986942375823557e-015 0.9999999999999853 2.010863933982274e-019 3.464713310657561e-026 4.63276428633094e-055 6.054203808371861e-029 4.966102039789483e-015
 1.200314139166357e-024 1.05177901647442e-014 1.075727574923695e-046 7.867266168539766e-064 3.972766320598336e-050 4.540053313602915e-015 9.445204957315396e-015 6.462773959390105e-058 8.860261324749886e-052 6.252334599286414e-015 3.373244534641841e-015 0.9999999999999754 9.667983321549982e-038 7.610344180930936e-067 1.681705369736213e-031 1.105535477652156e-017
 4.737504244291441e-038 4.473077389768458e-015 3.885460227914275e-051 2.662549511131085e-046 7.822504211625471e-016 5.362772277739867e-015 1.192674436263502e-051 1.122810171809611e-014 1.88660195413918e-016 2.041341217426496e-069 1.024944458143876e-025 2.272768009597833e-041 0.9999999999999789 2.341368222379762e-018 4.788626383409898e-047 6.734818868437386e-015
 1.129952029884678e-060 5.177011188487407e-016 1.19060020152216e-044 7.842393851783331e-015 4.40261890662483e-017 2.907243991846619e-052 3.193481938495009e-042 1.682903033403091e-021 6.344392088127234e-015 2.500416688723037e-056 7.845130615023581e-043 2.93260654841033e-057 4.627057048527461e-015 0.9999999999999771 9.772899146555302e-015 3.01153296447263e-023
 1.381348708266728e-068 3.218255993338664e-015 4.331704160405881e-043 4.64515904953794e-016 1.355286647297655e-043 2.35362862787443e-077 3.649171384107983e-015 9.638346548997987e-044 6.148164690136346e-040 5.765855385430821e-015 9.020537123431323e-025 1.33140570011178e-032 2.788197122292736e-061 4.919558559624708e-015 0.9999999999999798 2.480539124636337e-015
 1.839981515544277e-066 3.045485206474457e-015 1.433188385595855e-051 1.356097112064606e-054 8.644802846969076e-057 4.602927273738746e-033 3.090159543428722e-015 6.194685433541172e-030 4.571143971751336e-015 6.978204907153979e-052 4.905485643377227e-015 2.697066544433556e-026 4.246843845818472e-016 3.402093485319894e-030 1.134774719960248e-016 0.9999999999999833


