# Created by Octave 4.2.1, Sun Apr 22 09:01:21 2018 GMT <unknown@unknown>
# name: i
# type: scalar
10840


# name: t
# type: scalar
106.2831401824951


# name: a2
# type: matrix
# rows: 3
# columns: 16
 0.2620933207336187 0.1922241991755825 0.7336870649061625 0.4261403688699543 0.9999110072592736 0.9999803799511264 0.6958301716518648 0.2154390612151122 0.3400024217710861 1.173396998957063e-005 0.5302937015508737 0.9999857636275842 1.746922335290094e-005 0.3826235061125379 1.350614477144888e-005 0.9983036643348264
 0.3828267506759447 0.9999895713781454 0.9999895050432668 0.9998243722187646 0.008800996306854852 0.899362257488422 0.1874359036206177 0.2699066443847615 0.7324590098767463 0.6065409483889447 2.830273090135617e-005 0.5369785485441242 0.1797280862922437 5.294585784251502e-006 0.7055543845376959 0.2654867482805753
 0.9999863185377287 0.4295876446236549 0.3240693738188729 0.999980908585934 0.4541900713795219 0.9028749175652785 1.929860337647309e-005 3.970621923477583e-005 7.967038342274632e-006 0.2066062327574714 0.7594381551002315 0.1462012564475037 0.4694377838093952 0.2204491489055355 0.6756342917889638 0.9999707066289729


# name: a4
# type: matrix
# rows: 16
# columns: 16
 0.9999999999936438 5.044633210199371e-049 5.851853396361967e-083 8.27238081968576e-013 1.713341293230098e-059 5.186322682927463e-045 2.303648727263522e-087 4.471442032158032e-067 1.326097531155908e-084 1.63181688207443e-048 3.46748328244998e-012 2.561615647006768e-098 5.443466802769871e-016 8.057669938749301e-050 2.742879193136963e-012 7.531690328399912e-021
 1.250266858948764e-061 0.9999999999923055 6.597533232856366e-013 2.206831217267023e-012 1.279495756188257e-119 1.197221657248824e-046 1.817913352947813e-079 2.944233387331681e-049 2.063767157370367e-012 2.659785403456191e-012 1.250322101252803e-104 1.629212634290278e-064 4.025169356704713e-057 1.399428012321505e-086 7.984203940623995e-013 4.319648115025299e-107
 1.86771235281281e-084 2.992081767095676e-012 0.9999999999906151 2.589018326533251e-027 8.005730314774147e-069 2.087672010146658e-012 6.933396126239751e-046 3.136842786893511e-055 2.450508367307677e-012 1.123772136395843e-042 1.019572365673291e-097 2.95112222982719e-012 6.036637632334306e-089 5.095912870684535e-081 2.841159338582712e-053 2.228033997179521e-069
 2.435646361486728e-016 4.693560377725592e-015 1.20977537571284e-032 0.9999999999941778 2.036130361795553e-080 2.680224507003215e-012 2.271794847776704e-089 9.819483656635521e-075 1.212118649852012e-054 2.948365253509293e-042 4.365405805959865e-054 6.220186309319992e-071 3.586234897442004e-049 7.276066290187273e-080 4.110388518695555e-012 2.538171352930597e-038
 4.101083816414363e-055 1.429659893881272e-097 1.749395468660092e-071 1.311288410294558e-091 0.9999999999958318 6.643947723865975e-057 2.447257269393658e-012 1.42580223549841e-040 7.378272921523786e-068 1.905297890640039e-076 3.432010927903361e-013 1.870737420939255e-024 3.410984262274038e-048 2.116054403389464e-015 1.409173687478253e-087 1.721468532096788e-012
 6.048287178777511e-045 2.680497980042703e-037 2.888540477793891e-012 1.755644443416869e-012 1.283518174200178e-034 0.9999999999933324 2.325803850501384e-053 1.80806573524162e-074 4.714528627874529e-050 1.651804472022303e-067 8.216225781636684e-052 6.067184282738796e-021 3.078369104556573e-078 1.495395332643902e-071 5.759653266971232e-053 3.06725620912099e-012
 1.527832176684398e-115 5.64301461216116e-097 3.613431370449801e-066 2.385430183062909e-144 9.627922504083698e-013 1.874317738979132e-107 0.9999999999927585 2.25645586605129e-012 6.606604783375516e-034 6.157586055745443e-060 5.052565381369688e-060 2.392134453410296e-012 1.253168103693563e-061 1.757198962621495e-012 9.147097974889285e-112 3.895878780644725e-081
 2.633545181247601e-102 3.148246119506771e-060 5.593822625294695e-078 3.150416493826303e-133 2.017931454805537e-070 5.398240048177298e-150 2.085198427308331e-012 0.9999999999907552 5.898724894495781e-013 3.559719924539376e-012 2.209961235989613e-077 1.011087965520141e-056 9.942515340902365e-025 2.568412096235773e-012 1.761616966688227e-065 1.917822861133582e-137
 1.780949220673592e-105 2.908684304365669e-016 2.910644648842927e-012 2.874304115897841e-075 7.006912530944923e-080 1.028995889813502e-077 3.322265112916669e-022 3.134890080626573e-012 0.9999999999925284 1.655208456645572e-012 7.059987968430401e-105 5.323692087529091e-022 1.175607215406475e-060 5.352065594868986e-050 1.379251292335368e-053 2.716146409086137e-120
 1.778948162785254e-068 2.267209821897755e-012 1.673455947937318e-067 1.25182262976837e-069 2.940619900162339e-132 1.135988773483562e-131 2.014084947348993e-068 4.060782790022322e-012 3.701749795957741e-013 0.9999999999908951 2.739549560839048e-096 9.447536186220301e-101 6.543270104237946e-016 1.957929707798165e-050 2.265369549216703e-012 1.639939349497385e-154
 1.98350367850372e-012 1.902772687405815e-100 2.870837277700087e-114 2.568056102719423e-077 1.562244577614142e-012 3.85565906391581e-081 5.036822383744344e-047 1.698564843632318e-047 3.611648215532331e-096 3.619648777635904e-068 0.9999999999930402 2.489462302845314e-080 1.005981331694515e-012 1.321430589465259e-012 5.266033574452559e-056 1.286269752196159e-012
 6.691033340121006e-092 1.847953327969243e-060 2.956010854140972e-012 2.382103081148432e-069 1.409397455275919e-012 1.615280581873123e-020 3.895487637557668e-012 4.040529284540698e-049 4.365519681688648e-032 4.637454807807566e-071 7.886495092659528e-065 0.9999999999926499 2.661153863352693e-090 1.368764700259287e-050 3.677778992378049e-092 4.394461595537066e-035
 4.660041862104988e-013 2.271209298562981e-044 1.09796692075534e-086 1.378326351887413e-055 4.305371435822512e-057 2.285170905732104e-095 6.452042985410942e-048 1.82194016424035e-015 1.807075092603261e-047 3.73887140686039e-013 1.624449455699859e-017 2.265208514825784e-086 0.9999999999959015 1.773567908891193e-012 1.314672625838025e-012 3.132371412663735e-063
 3.686244689038663e-063 5.042254738522979e-119 2.425926370883389e-127 1.315095586681304e-144 5.644866323810276e-013 2.774066080994559e-141 1.77369766533695e-012 3.765824771480048e-012 3.031834679950136e-073 3.665865344334624e-057 2.718547004647131e-012 1.471490781584521e-068 9.567020140658013e-013 0.9999999999898628 2.095701767115497e-086 8.398341743792837e-065
 2.168445904598114e-012 1.977239755575414e-012 2.350649549061094e-074 7.082443143138423e-013 3.408487304716999e-124 1.252900846065362e-080 1.881357240448765e-106 3.000941265424825e-053 8.794137054898509e-054 2.349611332237002e-012 1.347544899271977e-061 7.00067115209149e-123 7.928053930425173e-013 5.833884164081623e-069 0.9999999999923861 1.122847911279827e-093
 2.530310986801682e-019 5.605695432275864e-071 2.834098530485055e-057 1.130730516039174e-030 1.309998015075444e-012 1.632182840450702e-012 5.760085164710316e-054 1.169134604409087e-073 4.118504531746739e-082 2.34784482618602e-079 2.550800990094067e-012 1.357430491159799e-044 9.952619610973212e-053 9.56895246731207e-048 5.955961017761782e-056 0.9999999999953211


