# Created by Octave 4.2.1, Sun Apr 22 08:26:17 2018 GMT <unknown@unknown>
# name: i
# type: scalar
1918


# name: t
# type: scalar
23.8269898891449


# name: a2
# type: matrix
# rows: 5
# columns: 16
 0.9996324181833883 0.04592674321763739 0.7274722903160243 0.9996306092546702 0.0005331048673236929 0.000120435311918403 0.0003566625336999981 0.5068159404625586 0.0003529135104336061 0.9996582551660216 0.99967900622977 0.4348588405993793 0.9997365789461216 0.9995100192633599 0.0006290029843102716 0.0004519847513474166
 0.964671597937674 0.02286995979344922 0.9998322717251433 0.3644623811470893 0.09193180048646511 0.3385777937462065 0.7812249745639928 0.0002775133866338524 0.9996350408176212 0.0001279042448345108 0.4293461958777758 0.9998473869200266 0.4284972178197767 0.2166946417048496 0.9996425708597576 0.999544704195802
 0.002003402617802777 0.07067060861308348 0.0007510721075099804 0.3232877514561076 0.9984288991879808 0.9997324861704193 0.0004596355820400379 0.00630826218116043 0.9590372881121551 0.999710576858002 0.9997519321429735 0.9997250471766169 0.0001417153457887279 0.9923380341932216 0.0008401526879913541 0.568009717164528
 0.07966787517776343 0.8728763249929895 0.0005735178294600169 0.999848805332906 0.4269697561821551 0.9998030286903082 0.02892911686523899 0.000296532047808656 0.06577253289258007 0.9991482272137397 0.0001668049552964815 0.0001784708925104174 0.999570081269481 0.2293822983025965 0.9974955758164997 0.9997956559332308
 0.0006497278867070754 0.3553168119324049 0.9996733149614541 0.0002077528512862757 0.009140375141841633 0.9997696254313974 0.2022083448408144 0.4007797174388897 0.9993390373977583 0.9876975526405781 0.9997843561578369 0.0001817115933707664 0.9997237470350957 0.0002975751382312204 0.9995397581025963 0.0002004798327678251


# name: a4
# type: matrix
# rows: 16
# columns: 16
 0.9999999999999434 1.313940419603435e-039 1.102905482818638e-014 1.049677266874494e-014 7.263898792914336e-041 1.323992918947263e-071 3.068646748462821e-014 1.327323015484586e-014 1.28653380969995e-048 5.69596276243439e-053 5.93141086178411e-032 8.390473246392664e-016 2.012250154946451e-031 1.282611284208685e-014 1.210836511279441e-047 8.701999485480059e-035
 1.376050945165936e-046 0.9999999999999389 7.365120865299908e-051 9.147173247338686e-015 1.405819970835524e-014 4.646883185465538e-015 4.152895776285203e-025 1.76245354576302e-014 2.187607440297686e-054 4.189852840395385e-024 3.384482523921337e-059 3.114615314347746e-058 6.734298586593141e-017 3.53304833101083e-041 1.80772970057814e-014 7.422324044748625e-019
 2.807911600520708e-014 1.5599793625201e-039 0.9999999999999265 5.33363376219855e-049 8.211813070336045e-059 5.852083801965125e-044 6.583887063861294e-015 1.722017349471069e-014 1.047549726688746e-014 1.807747148798101e-042 1.167684103417522e-014 9.822724749072261e-038 4.289267055570788e-015 7.461967819357444e-048 1.692388864673912e-014 2.374042242087373e-053
 2.659509423091606e-014 4.206155332793905e-014 5.055646887934995e-052 0.9999999999999079 1.600485451109396e-027 1.943264824626248e-044 2.767440185212424e-039 8.099475301884885e-029 4.034604522895608e-075 1.642918829621533e-021 1.517595276747869e-052 6.982694898381398e-039 1.019444771807253e-014 2.690174445271356e-014 1.430852759291037e-039 7.539346407772323e-016
 3.651458039416554e-048 2.067053576427165e-014 2.231669012649239e-062 1.753533689318732e-033 0.9999999999999398 6.672016730217261e-015 3.791887055459913e-023 9.0751062738026e-025 3.575578586909218e-025 1.505578553169171e-033 1.589993271754944e-038 1.75870554522452e-014 7.667591934654886e-062 1.274379285680932e-014 1.866165027384235e-047 1.542055963276813e-015
 7.470941052292036e-082 2.415686951674819e-014 1.86557998809472e-053 3.076253092174307e-052 3.66380965750619e-014 0.9999999999998863 2.39941140877346e-043 1.515428402809337e-042 2.698949466380489e-014 2.53598064644471e-014 4.431967982677999e-037 3.73853204931289e-050 9.124873025257643e-037 1.414596491015615e-051 1.994803586310742e-014 3.914296724377739e-027
 2.162223897936881e-014 7.134818533774106e-020 2.487868762240386e-015 2.285862447254776e-048 1.883270135875426e-023 7.334836166678758e-044 0.9999999999999196 1.333150426994014e-014 1.179306160252846e-014 3.014926909785347e-078 1.449504939900259e-051 6.651665927160568e-016 3.530774017274174e-052 1.175981144967144e-047 1.114634472610771e-014 3.515467071608079e-015
 2.231591271651297e-016 3.189190217503951e-014 3.290579382511341e-015 8.65012026517864e-028 4.677138586976762e-022 1.48332248548299e-042 2.166197932954028e-014 0.9999999999999218 1.435118693317209e-037 2.270919691390525e-027 1.592696953523993e-014 5.964075214419434e-036 2.101005515689054e-022 1.687418123914304e-015 1.79503825881127e-044 3.907201522480942e-056
 2.728981527816144e-042 1.039454459609758e-037 3.864642700098583e-015 5.641972152428855e-065 5.666062126458415e-021 2.562889838510912e-014 2.588605542025414e-014 1.457597566322004e-028 0.9999999999999341 9.069764090667645e-042 1.371260359789957e-014 1.564016876754951e-014 6.392562029186341e-050 4.171416132198269e-040 8.686387666055278e-021 1.656935667119957e-032
 7.29225728542179e-056 2.66033192158602e-016 9.234620741743621e-051 1.669158836437898e-019 2.07434639568705e-019 3.413305012661621e-014 1.051207251767349e-058 1.687229508365044e-017 7.863001723462858e-051 0.9999999999999052 1.277411624659169e-014 2.223201019361289e-056 2.357366420517627e-014 2.639886290809503e-014 7.725733270310716e-051 1.450115600229652e-056
 2.275362666979444e-034 4.531617028394243e-051 2.514706798286344e-014 3.444186810712658e-051 4.171173188829051e-033 2.200375500547222e-034 5.253954543321109e-040 1.185203509786277e-014 2.527781594913608e-014 1.607846540923986e-014 0.9999999999998925 3.451892985794893e-027 1.493535982853195e-034 4.21613229487569e-014 2.633912536667994e-058 9.370239951628852e-073
 2.25917909778363e-014 1.096572230787412e-055 6.253076441173505e-037 5.682100031191643e-045 2.247711951081329e-014 4.971653649705816e-052 1.78662331336147e-014 8.513022532893053e-039 2.385067670229802e-014 2.443927281530392e-066 3.809244543456098e-031 0.9999999999999087 1.804447081131275e-077 3.10792166247803e-014 4.855707336649286e-058 1.458768023609645e-019
 7.159276506207322e-025 1.554800228945342e-014 2.381570990635513e-014 1.997527101945359e-014 1.712272391432759e-058 1.758266864300561e-037 7.08909296401438e-038 1.634759613246291e-014 3.839484432457082e-058 2.16445289838317e-014 1.023016242728206e-033 2.122745263043546e-069 0.9999999999998983 1.947259439953004e-044 2.025792658632589e-014 5.917441081339721e-050
 7.907821180134437e-015 3.636791421935722e-041 2.2829007028426e-047 2.409715452888635e-014 4.161085656386465e-014 1.740727250285692e-056 2.014712901049747e-040 1.197204662109473e-014 2.459908827939902e-054 3.315207930674433e-023 2.00799524933503e-014 3.106840705389536e-015 2.219710698509325e-046 0.9999999999999014 1.705026965451282e-084 1.035579954922275e-050
 7.508378406893318e-037 4.363819302549742e-014 2.249161928208895e-014 5.368093178710657e-040 4.239585218421326e-041 9.123073258812274e-015 1.20538096227545e-014 4.282797454748865e-032 1.796869658888511e-016 1.240844811459967e-040 1.872649174179835e-046 2.077763132918171e-044 6.262690521404875e-016 2.27589749925647e-063 0.9999999999999409 1.803367936137981e-015
 2.216300924053155e-022 5.382805939259883e-015 4.610469063879893e-047 1.447027369135539e-014 1.704573227000342e-014 1.38819249164567e-027 2.68839243654755e-014 7.636792900447931e-042 1.918869521584216e-035 2.552600666138365e-050 1.408355512797628e-063 4.904786808196924e-016 3.209416700805383e-041 7.175493015443023e-034 1.579243359967824e-014 0.9999999999999429


