# Created by Octave 4.2.1, Sun Apr 22 08:48:40 2018 GMT <unknown@unknown>
# name: i
# type: scalar
12719


# name: t
# type: scalar
121.1321089267731


# name: a2
# type: matrix
# rows: 3
# columns: 16
 0.9990080521404615 0.9999730026643865 0.4358911784406078 7.329959315282706e-005 9.272523545996446e-005 0.9999879186899573 0.9531474884755554 0.009801145403593793 0.4107934413689466 0.9825664759267044 0.4223470243803518 0.9999125344123788 1.791686339722356e-005 0.0001078197022528868 1.537934602330504e-005 0.4211218855103279
 0.02082444824689562 1.324107075922596e-005 0.0005175260009707007 0.9686956367629642 5.071298198393775e-005 0.9999869016433285 0.9998483602072147 0.422125659196814 0.9562316763543791 0.4430073724541605 0.0174881970017331 0.4099841841378464 2.023416010751174e-005 0.4224480056621964 0.999976825343646 0.9999446251670472
 0.2242128503718259 0.7125220875172513 1.46795385096365e-005 0.2177582877064582 0.2274278764112794 0.7276903752303586 0.2070429803279672 0.9997667996357531 9.232913609829343e-006 1.132298793488136e-005 0.9999013956439622 0.9999890280787711 0.7026242015231624 2.186043306481251e-005 0.7105997765043301 0.9999898120157962


# name: a4
# type: matrix
# rows: 16
# columns: 16
 0.9999999999782925 9.780034608773598e-012 7.279821695627179e-012 7.759741388966291e-121 5.421001579958432e-049 4.219673678715573e-087 4.30152063800818e-065 9.686946794348153e-117 1.017978341714662e-084 7.041847543234869e-012 1.254064927307165e-061 4.751679298093629e-056 1.181274254890007e-071 1.119527018909645e-069 1.123285122654374e-146 4.841858187375324e-135
 1.516336718787116e-011 0.999999999972522 6.752995781251158e-050 1.060429709048869e-143 1.084350335023537e-064 1.021688074078306e-070 3.197833923050449e-094 2.357099062499817e-067 7.55371557069236e-129 9.846341864887136e-056 8.291196991613006e-012 6.972537838471929e-012 1.393693937316103e-045 4.044217512265877e-108 2.012014254595479e-126 1.300214644443634e-091
 7.494799615037544e-012 6.550060566051079e-057 0.9999999999801079 3.244138584975413e-061 8.275210002271257e-012 2.72368055740355e-110 4.017839333313551e-061 1.047408679031675e-106 1.083505146308468e-039 1.304486314568859e-012 2.140240930831885e-085 2.268692132581159e-105 1.042314351004595e-056 2.89854422627927e-012 2.076935765884263e-109 1.920295887321227e-136
 4.465868264544903e-123 1.008562824009568e-147 2.656431865071901e-070 0.999999999978906 1.004124059202837e-047 2.178329301160412e-089 6.558890067595154e-061 1.837193549493341e-060 6.29596549684949e-012 3.677671410134856e-086 4.665282901516051e-116 3.021320880724337e-137 1.948293105222903e-070 6.59429795123748e-012 9.294900583555999e-012 6.092834967881402e-058
 3.693166142879178e-065 7.80628935328716e-086 6.167721568506889e-012 3.193543983856757e-063 0.9999999999753262 1.902855685970245e-162 2.480934679259141e-135 5.740562521120714e-058 1.194966136866569e-082 8.133711458481611e-086 1.18778126958194e-057 5.131808589030039e-130 1.065066181281462e-011 7.36684254542549e-012 5.542242932215315e-088 3.699553726640865e-132
 6.767411830257331e-060 1.62094197420817e-043 3.160124725689942e-099 6.949084988519881e-064 1.479470786196376e-114 0.9999999999619593 2.078795431525837e-011 3.023034480084927e-064 3.073357968395898e-050 1.524465424637868e-046 2.203614704959063e-063 1.139375255583463e-011 1.318847220028908e-097 2.014276697602661e-100 1.179489111456327e-044 1.061172199106665e-011
 5.136781772962232e-046 1.078825155838566e-069 1.81405056393219e-066 1.390583477931975e-042 7.024068902646082e-100 1.059981679805639e-011 0.9999999999720133 3.39566098768934e-110 1.078767624643276e-011 9.105717876872309e-012 2.860474294980883e-112 6.951062270788662e-059 8.674996357083095e-122 1.31932625136108e-064 1.820630248316184e-063 1.123432439316009e-054
 5.713144346353663e-102 4.522876275980808e-065 1.949602289206969e-088 4.326771292904607e-049 1.195470076374076e-047 1.169258239999475e-064 1.665441029508984e-101 0.9999999999782054 8.837224695894002e-088 2.389511472151787e-118 4.380109390006449e-012 1.263632101763203e-043 1.059845155015699e-011 3.679415377673841e-065 7.845882167076839e-012 9.847304683710479e-013
 1.43468955952344e-055 1.872067153689318e-108 3.837131765744926e-031 9.558339994857189e-012 2.853477612481628e-054 3.124819679820346e-067 1.099228686679773e-011 1.908446820883979e-118 0.9999999999742766 1.428823199196567e-013 7.709183598502007e-137 1.691844198759931e-121 7.243144460648559e-105 5.784515043383775e-012 7.039705658937224e-063 9.285361465316117e-095
 1.009196784922032e-011 3.709779201021405e-060 4.290811404675307e-012 4.141028879602473e-051 3.54913906567428e-052 1.498717773369067e-061 9.438561863116868e-012 2.101172442971914e-128 5.385742338389171e-013 0.9999999999773741 6.893662762117766e-112 1.196045246889665e-088 2.385972227348227e-099 1.481890773855588e-029 4.980865932311285e-100 7.76111168504409e-112
 9.56233934840009e-051 7.146060506619064e-012 2.154757537833009e-066 8.521018207905445e-103 2.237328992768059e-048 4.145491012691845e-066 2.827120082918469e-106 4.125903218611373e-012 2.520804159231076e-119 1.924037836479176e-091 0.9999999999774185 2.209249542302126e-012 1.147709448574665e-011 2.387713894510252e-089 1.856417486242864e-066 1.646952642167339e-044
 6.776258251528453e-049 1.268959121247645e-011 1.977627942671376e-087 1.271983930296696e-088 1.016071627103041e-086 1.141197640026673e-011 3.947767019042259e-053 5.298322268472899e-028 1.546382640902248e-089 4.087468349099605e-067 8.986675946698711e-012 0.9999999999693785 1.642468512391335e-050 1.480884350503222e-104 4.175023028985692e-051 5.397047433281462e-013
 3.763238674541781e-093 1.591441102743302e-069 1.15415525035841e-056 9.574760537378599e-091 1.358289871838948e-011 4.177129611945292e-150 7.957309590367181e-170 7.472601533512969e-012 2.50258826507126e-132 2.966634711977334e-136 6.870722962879378e-012 7.055222064010946e-090 0.9999999999726059 3.584269267685438e-056 4.570640225521485e-071 1.255561220434893e-091
 6.380646429911799e-064 1.819761555814381e-111 1.744249764172411e-012 6.89934121750876e-012 1.039386907711234e-011 4.236446421910173e-114 5.676327410464029e-061 7.259605970158178e-088 2.859009729403472e-012 9.960825600053571e-042 4.297068741919896e-109 6.535631095600729e-140 6.006026314492809e-058 0.9999999999779641 7.02176907156241e-060 3.573019201985209e-110
 3.324197048355621e-143 4.876142334755183e-125 7.620444989225043e-109 1.6285330068232e-011 1.840787300934579e-065 2.380202213149703e-068 2.332431909678968e-085 7.454430011241804e-012 2.920649994002472e-053 3.855817152454187e-127 4.430081550068306e-067 1.29987300458207e-090 1.437892099809016e-046 8.245298030000026e-051 0.9999999999725071 7.09296945024201e-012
 2.547484837113419e-087 5.208279638758115e-051 2.080052011355113e-104 2.651951902470767e-050 1.388918370121731e-086 1.208330886583052e-011 3.738420397657965e-051 8.914360541056979e-012 7.438821987915043e-068 3.335993625095283e-088 9.255656155183039e-028 1.691387368712076e-013 1.787503378988131e-050 1.007585860025122e-087 1.176324890752321e-011 0.9999999999696723


