# Created by Octave 4.2.1, Sun Apr 22 08:44:59 2018 GMT <unknown@unknown>
# name: i
# type: scalar
16584


# name: t
# type: scalar
147.2643640041351


# name: a2
# type: matrix
# rows: 3
# columns: 16
 0.07784398410996005 0.7930698427995804 0.4408716423656701 0.7719558401109957 0.9999542158458943 0.1831041402248784 0.9999889790542866 0.9780554233600673 0.7106423715465844 0.4544916826887856 0.2374257283389468 0.6456647335371137 1.308725922539778e-005 0.0001972304107310367 0.2888736577981036 1.179094790304041e-005
 0.6150887443643708 0.6401342608338915 0.2423095288289481 0.999974684912753 0.9999364438138363 3.036183066812501e-005 0.3749304245075458 0.5180995486016311 2.049908672132835e-005 0.9999792653575981 0.7820480572978945 0.1345271040354687 0.1956403597144624 0.9998682104193821 3.003918403357354e-007 0.3623780978551468
 3.519145022849482e-005 1.912037590530223e-005 0.9999829725398716 0.9999457889286746 0.4623982511261559 0.5317664081535359 0.3104813589572269 0.9997498709432644 0.5245468911766745 0.1119177972125061 0.999963469546124 3.560283197748674e-005 0.200617406553453 0.5098887723020956 0.07223112642159328 0.7079681912036304


# name: a4
# type: matrix
# rows: 16
# columns: 16
 0.9999999987433588 8.62526990088463e-029 1.566836016671631e-082 8.043903249910874e-083 8.77854354559593e-061 7.51941572699902e-045 2.887763566316595e-065 1.734860801823189e-104 4.473590781611434e-072 5.453824832618671e-010 1.096778986532297e-059 1.865804983472476e-032 6.928150390850897e-010 2.506010058183572e-011 2.474294216483613e-021 3.214208713107014e-038
 6.662856393970275e-028 0.9999999981280878 5.150611879365982e-095 5.387226415604403e-063 4.056708205420096e-010 1.55248574515264e-076 2.933023594675283e-011 9.970897908375728e-063 7.072163988993725e-050 5.541311444131269e-010 6.117805126938041e-094 9.980879076960774e-010 6.236066802015506e-056 2.941777190874982e-063 9.634819598871658e-036 9.446343070258422e-092
 1.002984564380815e-068 3.071454800199731e-079 0.9999999987175225 1.4650129735205e-026 1.681692289058045e-065 5.457945531415849e-010 1.227308919365103e-050 4.970567791463446e-010 1.739003345898666e-017 1.158834675380565e-081 9.909824346714631e-011 4.813847521395993e-057 1.666149824238278e-037 4.95526775169018e-049 4.299171278507721e-042 2.764752228440577e-010
 3.815286361653899e-059 3.673407871705042e-047 2.098615776933708e-030 0.9999999980998409 7.632939614996975e-010 1.492562718556151e-063 2.187573790875288e-043 4.262687072978829e-010 8.188704526469105e-056 4.952440835923158e-032 9.846953276264352e-010 1.144919079894302e-071 7.534998921483095e-071 3.563360615419506e-023 3.700024846034843e-080 2.128417660531175e-043
 2.324502940442841e-043 9.358006704447427e-010 1.719813323194145e-056 7.220238937691339e-010 0.9999999985407153 1.072738641861966e-071 9.109939188543203e-016 1.509597847430221e-020 1.409625775365772e-047 9.102222912404995e-012 2.808543244259294e-043 1.608619887227006e-037 3.322715943640261e-067 4.428465179567357e-038 2.191226533031871e-060 1.960592855851659e-067
 7.080096871829667e-056 3.297240383861704e-088 5.324913928497384e-010 4.532834488067022e-089 2.293505982890987e-114 0.9999999982749284 4.251435933805373e-065 2.273941158308437e-056 1.965997937042263e-014 1.414536580783261e-101 8.630390817952902e-048 1.514304524227837e-038 1.055575869103426e-010 8.650423910519636e-071 7.93480652905469e-010 3.128228221134388e-010
 6.686756985813789e-069 3.525610972003206e-010 1.133374238439812e-047 3.519678887110668e-039 1.857109473084807e-010 1.873462278353953e-054 0.9999999980056842 5.303635700946427e-010 1.511741269389984e-010 2.491535254129443e-049 4.474853148756036e-078 9.600523938920253e-010 1.650733789549816e-068 2.786601429407614e-094 2.68978289298322e-037 6.148526885694012e-082
 1.65216120011577e-067 7.697907992145749e-036 1.000245974830433e-010 5.546235217911198e-010 9.340510335453551e-018 1.747136910805826e-033 3.438688232598688e-011 0.9999999989648067 5.051847270099743e-010 5.166226201723414e-054 6.193747451353833e-030 4.939583396338268e-033 1.851295785091771e-056 4.397660361853515e-061 3.905031583968499e-044 1.459006045143241e-042
 3.695717732658213e-063 7.075962225437459e-040 7.15863907820302e-011 7.493083010676551e-051 1.532021907251236e-050 4.604761371436996e-010 3.494095483677651e-010 7.163992684444781e-011 0.9999999989777686 1.362587041034797e-074 1.06505428973924e-054 1.25390310553262e-010 1.746098925438108e-034 8.712305764390869e-085 6.523224209017368e-013 1.334553739157971e-038
 5.827130494973208e-010 4.526674056073521e-010 7.529823852556022e-083 1.046553234098118e-035 3.325654877264129e-010 7.045814470899803e-075 2.228162071140288e-042 1.148636815242394e-066 8.853686628276557e-076 0.9999999984085044 3.1668524892234e-048 1.052851539978414e-041 5.00591161876434e-046 3.85008165753419e-010 7.251048167120092e-053 4.620439810847785e-060
 9.050408981890879e-055 5.849839381479229e-084 4.394011869502695e-011 7.127724270262551e-010 7.099716293508703e-055 4.017263857172926e-036 2.960127741631983e-077 5.977732193946561e-028 1.7098220992361e-058 2.080771360787544e-055 0.9999999981671355 8.077645898184143e-088 1.478212945100549e-046 3.02525810795413e-010 6.80195266177352e-071 1.006484013276403e-009
 1.544195732796154e-046 3.934839036204671e-010 8.877681935483183e-087 4.575409192930754e-108 6.854846687209515e-054 2.989830218344142e-051 5.084939801409679e-010 1.482979286795959e-072 6.894406128928144e-023 3.817237468723775e-055 4.325557874375248e-125 0.9999999978915157 6.313444110383877e-045 2.737367248997162e-110 1.235831593951661e-009 3.046149309583934e-093
 5.568101601934087e-010 9.219981683104499e-080 4.974066099504304e-055 2.816445025917794e-114 1.43214923735145e-123 1.988429764594486e-010 2.013304633597228e-097 1.024277886667222e-116 4.640637349939787e-061 8.671073467704683e-063 6.247333133307222e-055 2.632295562343655e-047 0.9999999978393135 2.076021244008748e-028 8.664513307309669e-010 4.937115756693664e-010
 2.806914857820881e-010 1.297945493200137e-039 1.562381474726149e-040 3.500971583686578e-024 6.567625019678881e-034 2.302089370121184e-039 5.341864378513077e-059 2.953260466781729e-052 9.615237416956057e-062 8.366892965178738e-011 2.99477739880006e-010 1.210400077417748e-053 8.769519596357729e-024 0.9999999994096103 6.735491943854142e-044 4.814737688699288e-017
 1.722242361506025e-042 3.758680209640081e-061 3.373429465805285e-060 8.987888263262696e-140 7.917898964638078e-121 2.821936866289542e-010 1.39281544846539e-054 1.225646886057487e-098 5.853561427492139e-022 1.107112645899292e-092 6.932779257955973e-107 1.007800378394871e-009 7.673984309608944e-010 3.390700137035839e-100 0.9999999978860614 1.802315052164285e-048
 4.608968967434391e-033 1.415820869871541e-100 3.666661943986684e-019 7.623890470272343e-064 2.194989860836956e-107 6.148243024712197e-010 2.108917331991647e-102 1.671601104414216e-074 1.066904590180774e-059 1.080525383399465e-070 8.396972102740108e-010 1.183720325545744e-077 6.042532073392592e-010 1.096855300734625e-011 8.411118004947661e-039 0.9999999979998899


