# Created by Octave 4.2.1, Sun Apr 22 08:27:13 2018 GMT <unknown@unknown>
# name: i
# type: scalar
1995


# name: t
# type: scalar
24.08990597724915


# name: a2
# type: matrix
# rows: 5
# columns: 16
 0.7912706783364064 0.1289359541085884 0.9996921580635575 0.6735861716074002 0.0004100131550793494 0.04425396832477892 0.9997944996542685 0.0001152476288619598 0.9995604552590821 0.3071533662889961 0.3846926698322088 0.8965347144284104 0.2038622067155648 0.0002015061918517218 0.9998175730207287 0.9996564499021754
 0.9996976194566228 0.0002908729741137894 0.001481912055569374 0.9991309681478681 0.2235734408329566 0.0002195552826700542 0.9993701294669144 0.9805691449636293 0.381555890941206 0.9989781389346356 0.0003861671485730119 0.000269007830442229 0.9626752843664499 0.9997632548647882 0.0001323244751438078 0.9997472802462899
 0.005659486639408877 0.9181435324769334 0.9996858849958328 0.0001065527464277699 0.001926278670342797 0.3749085679307293 0.999769049873543 0.5023405371770439 0.0006002003294517042 0.999881948747511 0.9998550201780326 0.0009162952391669605 0.1205479539955551 0.9983939486165374 0.2304870161937996 0.003688315507829833
 0.000221310344737637 0.9994185908263264 0.0762341065644469 0.9999096442767633 0.9751076340333743 0.0003904145287134616 0.4125496318134983 0.4866492035051642 0.0004771196309871037 0.0001468863716762435 0.998805676370832 0.4115269507200165 0.08356237134958679 0.999683963437472 0.9995138965915705 0.9991828539521443
 0.9998087182990146 0.9997476917898637 0.9963087054372831 0.9998972709742262 0.001269991720081196 0.167162689167893 0.0001702799126891143 0.9995217043846204 0.1149349318053763 0.668716158465916 0.0007221766938356231 0.9934488675221564 0.007758280862124984 0.1359928180467395 0.03848446865628417 0.0001871371923076739


# name: a4
# type: matrix
# rows: 16
# columns: 16
 0.9999999999999523 5.456744291988089e-053 1.79330920515315e-025 3.303078951210026e-017 2.297849151816557e-050 3.185110306707818e-029 5.514018711729304e-041 1.992248875623224e-014 1.731245048853859e-014 1.859470165639735e-016 8.276815953553252e-075 1.683483855077859e-014 1.075402253740141e-014 9.286603063637018e-058 2.387578744245793e-056 3.251271574271037e-037
 4.863598615452121e-040 0.9999999999999662 1.991527252410162e-015 2.973708122604563e-028 7.885366544525612e-016 5.920310626496324e-015 5.393027752071205e-058 1.404334884640963e-014 4.493029298411141e-049 2.572668229675498e-031 2.278746136072713e-014 9.132359786232799e-015 9.326444940153454e-046 1.056143619652362e-026 2.329975954065162e-031 2.187068794114543e-057
 4.136209196365485e-027 2.812821503793879e-015 0.9999999999999682 1.272146865365911e-045 2.223076661586874e-044 9.516437154129027e-015 1.389546866962976e-016 9.913493281951249e-035 7.775911210114989e-018 1.164871253446805e-014 1.1455549524315e-015 1.955972863379046e-014 5.760041488900888e-038 3.064999030210083e-038 1.837754233834594e-023 9.759234779060331e-047
 7.682988177317731e-015 8.236236279759688e-026 2.411986062664033e-059 0.9999999999999096 1.056966020905299e-014 6.960473389608358e-052 5.73885409168636e-065 3.931206554127505e-014 2.754840853257187e-043 1.440052426240241e-054 1.398085846076783e-054 2.280498951614917e-014 1.59459078965365e-036 6.525695094641549e-039 7.490032995128418e-031 3.29070925864304e-014
 4.336584398726797e-037 3.691012482682045e-017 7.839338549587573e-057 1.048937810213595e-015 0.9999999999999696 1.367218091101524e-014 1.081504991327537e-048 3.126180116997218e-020 5.878485357203566e-031 3.690163995710667e-045 5.179959097947984e-017 1.056869858628505e-025 8.528864638827824e-016 5.053203697057525e-015 9.931769263660279e-015 1.745477920630068e-015
 2.261737736753437e-036 9.316451980337334e-022 7.603999860375285e-015 3.977278909408667e-059 1.277761117858048e-015 0.9999999999999527 1.043787397496316e-035 1.832397832300744e-031 3.030681972730698e-015 4.690359295497552e-020 9.524032794029474e-015 1.462881926739463e-024 1.260160259696718e-014 4.28693315865355e-033 2.200447337113404e-029 1.043509775332952e-053
 7.952274574190257e-037 1.08641625037699e-049 3.842407579910327e-023 2.33576710974959e-049 3.885027117101052e-040 1.977180733405461e-028 0.9999999999999478 3.419905541995804e-045 2.540973232312227e-014 1.833596376947845e-014 1.027631354880165e-014 1.1172536514152e-049 2.994059768959196e-017 7.84947658124289e-015 1.453516575916872e-021 8.373362715390183e-015
 6.682014965122411e-016 2.049036371157023e-014 1.3380934851119e-052 1.585095857212756e-014 2.475418181325092e-017 3.550718523776296e-019 9.655695001606758e-065 0.9999999999999301 2.599661539214594e-055 2.866607972485205e-014 1.131739419388222e-051 4.474414526574858e-036 1.240006638194759e-014 6.510119905753018e-017 1.533980625011172e-069 4.545539356263488e-054
 1.557452221629121e-014 1.173788415615674e-065 2.223837361127051e-018 9.548918378324502e-046 4.018717648235209e-037 1.828146603174562e-015 4.883824964787015e-017 5.017841625008414e-056 0.9999999999999609 7.602353863141832e-036 2.372538496935819e-041 3.370967345262327e-015 1.382181772529301e-014 7.236640487462392e-062 1.502254952586482e-014 1.974165124605937e-018
 4.35513375769837e-023 1.093501055504346e-036 9.874650148509823e-015 5.108819350729908e-058 2.268767102911425e-057 1.138282683151459e-014 1.544176671535479e-014 2.784922098413136e-014 9.568693118836208e-036 0.9999999999999425 1.965962710343921e-039 1.737278929173758e-053 1.09136994943132e-014 1.171808946141041e-019 3.826944781880224e-071 4.2140534076042e-064
 8.479466872205079e-080 1.492434402337422e-014 9.477925834347344e-027 1.260350905365147e-070 3.895335302033421e-018 6.69295095220665e-015 1.435979892546477e-023 2.485351531010762e-055 2.333366412701492e-041 1.230676474023551e-039 0.9999999999999523 1.254116580643873e-050 1.08302444941875e-043 1.386153819173591e-014 1.911132813218116e-014 3.518249670928832e-046
 1.669242016841662e-014 2.095992837129871e-015 1.10530684313681e-014 5.731291476501393e-016 4.583297474858115e-017 1.88062325237117e-016 1.659593976122972e-063 2.9967103457457e-030 1.582599340466799e-015 2.463205732192884e-050 3.773522585233912e-038 0.9999999999999543 6.694951430529151e-039 1.529026830691494e-063 1.743273704872862e-014 2.106365313725831e-036
 5.761730918153488e-015 1.049795713707147e-059 4.411047999259287e-061 6.728449060374843e-030 2.191613476309262e-015 1.40432442080025e-014 1.02611315962271e-020 3.06088085942104e-017 1.858125974317216e-015 4.482853490166854e-015 1.57131344980409e-044 8.100689998253247e-049 0.9999999999999598 2.960286272689716e-015 2.858621580426927e-044 9.949643633351027e-015
 4.763214316994977e-047 6.214941080094794e-025 1.77770889821126e-056 1.887951393681579e-032 7.937997461630285e-015 5.337143726890322e-029 2.68288530354725e-017 1.202957054856434e-014 3.146197470556356e-050 2.446713686491313e-015 2.822721059402677e-014 3.239941986003351e-064 1.705762652885717e-014 0.9999999999999549 2.107334773290762e-041 1.150991644563199e-024
 1.672762995494654e-056 7.272191991022136e-039 8.259590511534493e-035 2.541625001294603e-042 1.254141961359637e-014 2.141204274203227e-032 3.07237852679856e-041 5.907612845249477e-075 2.828917847540922e-014 4.400371921053661e-078 2.277672363190491e-014 5.37687899431267e-015 2.029900700780048e-050 4.510122828758964e-058 0.9999999999999367 7.662454577783095e-015
 1.289998588136466e-027 1.001369551107008e-061 1.406237985364558e-065 1.403436852062317e-014 6.437631800686526e-017 9.781671229454669e-047 1.19948375967809e-016 2.256521917660706e-041 1.53467295895163e-017 7.985558810933131e-047 3.754389718953417e-037 3.053305733331879e-041 3.518071381558219e-014 5.732414059087234e-024 3.331794822221073e-014 0.9999999999999456


