# Created by Octave 4.2.1, Sun Apr 22 08:36:15 2018 GMT <unknown@unknown>
# name: i
# type: scalar
3879


# name: t
# type: scalar
40.19614601135254


# name: a2
# type: matrix
# rows: 4
# columns: 16
 0.3107337119174674 0.988446323794421 0.9999392261195049 0.1975808773367588 0.0005363942828091622 0.1431749343598365 0.9967443641222401 0.689486284524641 0.0001312193581864504 0.004159153791669093 0.9998517340964065 3.879936057707673e-005 0.000144754033372366 0.365266124238552 0.9998430843494881 0.9998523610975787
 0.9999282107636265 0.0001758916178337505 0.9999352337264936 0.01961084328165888 0.7525828135486966 0.9999196372842947 0.8716479592028664 0.0005025541081838298 0.6611209317171485 0.0004199125319437177 0.2058976922190165 0.4688115345989756 0.09907137781318279 2.890883808994256e-005 0.2379455584455647 0.9998013427251924
 0.7016220211496367 0.0001166083296184688 0.9998515503642291 0.3631746705969475 0.0001362024773253602 0.9997133432591707 0.0003002915390774705 0.0001639961709622265 7.467315928946117e-005 7.1509263080202e-005 0.9994944068332393 0.9918471553558613 0.6179528326058655 0.9999206586385717 0.8513030349046099 0.0003593220879115481
 7.799230771600408e-005 0.1855217174420929 0.4262602194200333 3.119029786581514e-005 0.9997710584342385 0.999688514825725 0.0003085935145589691 0.9998301243121045 0.1207386093737433 0.5183660048338999 0.9999145116647318 0.2399316392679556 0.9999442490638301 0.3966186180267143 0.0003795888174230829 0.9997783133266315


# name: a4
# type: matrix
# rows: 16
# columns: 16
 0.9999999999996898 3.883553342821721e-060 5.226838094707663e-014 8.552842330803166e-034 3.071318790837562e-050 1.303234229581178e-027 6.431248386716571e-014 3.458726705951364e-093 1.133329691716044e-013 1.004458593550702e-060 6.650799120231025e-075 1.385472792401876e-013 6.479504703343956e-070 1.674232960902952e-046 1.651116555737841e-029 1.735129568775402e-054
 2.88146883364484e-054 0.999999999999801 2.615045983948075e-054 4.35560385121316e-014 1.813246254072787e-057 7.671519574685104e-089 5.63318869511817e-014 6.699753472397011e-014 1.577604712884443e-034 2.216566550663243e-020 1.417070092640822e-039 1.093594244532766e-056 4.7941392242988e-051 6.891079443592564e-035 2.641134455711946e-014 7.849194918151803e-041
 1.8955430762442e-013 8.333712907153594e-042 0.9999999999995808 3.783958375813197e-054 2.885995010807532e-049 4.791932938198367e-014 8.308626320707229e-015 1.319338310366792e-052 2.183094114838513e-049 2.449622757525091e-070 5.828190162799265e-014 6.33120415766124e-032 3.181715650138929e-054 4.408770973039691e-036 1.606149284704031e-013 7.205640601040167e-014
 3.763068637289489e-026 1.228037140555105e-015 4.004732074379651e-066 0.9999999999996427 1.00704322978575e-068 6.996325241362555e-081 1.956309734902474e-036 1.180550853340154e-056 4.216120749502723e-014 1.41997946334925e-013 5.658773178255002e-071 3.007092828255106e-014 3.097119497095034e-045 1.810813817136047e-014 9.226132697905016e-014 1.805637059223962e-099
 1.790566777520031e-039 9.107326040213744e-053 4.2816912333066e-056 3.170781315677943e-043 0.9999999999998204 3.089871489217889e-014 5.19275511617362e-044 5.39172629173559e-021 5.095823256005167e-014 8.741227689674322e-014 5.591251623654741e-053 1.361121520389559e-039 1.166108039884997e-014 4.567438776855694e-054 1.550501900544882e-076 4.315284139158378e-014
 1.537006878551612e-018 3.074582911264314e-063 6.205427217255461e-014 7.028148252612789e-046 1.112006534855127e-013 0.9999999999997602 4.219725469699916e-048 2.804529577919729e-041 3.332637828130144e-034 2.004029912446333e-040 2.542431373209947e-019 1.135398882871944e-013 3.486996608395411e-014 2.31125928160155e-026 5.377399291449573e-043 2.813170015791031e-024
 4.921315526322252e-014 8.343118811293582e-014 2.076821190300224e-021 9.457913586700321e-031 6.060433538258785e-038 1.284846443783732e-053 0.9999999999998415 4.004922476528445e-043 3.395494775802379e-014 3.304718576417503e-041 9.004116124411567e-057 5.592106803038774e-046 5.468153666038689e-068 3.668313407746888e-055 4.860121924195985e-023 2.556377853667262e-014
 2.459340802405248e-075 7.431285258639991e-014 7.71507494280432e-059 2.238526999119994e-039 9.343712144779682e-019 1.884692136833663e-048 2.20051787241445e-046 0.9999999999997748 9.323082787316335e-048 1.079412556367758e-013 1.701641944542713e-014 1.366130828143178e-061 3.649935639813834e-014 8.780348015346039e-038 5.934099886351152e-048 4.264757981624721e-014
 7.329617330577014e-014 6.823174443852334e-037 7.192337550392489e-062 8.473582276336031e-017 3.242888362333476e-014 9.704980138768975e-051 2.877858900892544e-014 1.661932343842391e-052 0.9999999999997744 9.321549060887157e-014 1.375651762370017e-095 8.180188840527307e-032 1.575230821437541e-049 9.473849192890909e-059 8.064984380757056e-058 1.332019811642224e-043
 2.430569019009451e-068 1.099921662515322e-029 2.421223403007565e-106 1.296233801220685e-013 5.329024190993001e-014 5.868245184167962e-069 2.08840057770264e-063 6.666116222185147e-014 1.6608803879785e-014 0.9999999999996942 4.251488734411647e-074 2.122090577127665e-046 2.970119622555448e-014 2.37874616268152e-043 7.41040783887985e-074 7.692575338234736e-064
 1.351022481051299e-045 1.604835065432062e-027 7.872061667472084e-014 2.925100151110811e-041 3.822817162719082e-039 8.650437156130081e-018 1.587022793378727e-044 1.207691947067379e-013 1.129224620290744e-059 3.611620790890047e-040 0.9999999999997515 3.277474249614181e-032 3.539240500800402e-016 1.300840156533511e-013 1.150911684724091e-016 1.778786282060027e-021
 1.217160076900566e-013 5.218458582800804e-080 7.695437625480413e-058 4.270942374985229e-014 9.729172756041733e-035 3.449851891288984e-014 5.381395144934785e-079 2.441892326959277e-077 1.692004592101308e-016 3.435841178980593e-023 1.555678627348907e-067 0.9999999999996532 3.06201947696096e-014 1.252730489720711e-013 1.115529784209962e-051 5.724719519840771e-100
 6.310526212780123e-063 9.734618406780066e-056 6.95498618287921e-062 5.582678712666501e-035 4.395568216736278e-017 6.843197188870696e-014 1.090221910124244e-089 1.247803308916253e-014 3.498964835700646e-049 1.53674549951362e-013 4.151601133172431e-015 7.182154761503911e-024 0.9999999999997633 4.09477218648806e-014 6.100652456267166e-058 5.315665982710327e-054
 1.710271016532397e-062 2.15379713849326e-039 5.760497034649726e-060 1.105408846361933e-013 2.004075680816138e-084 8.896958796143522e-056 5.057769972153187e-094 2.164101408233985e-043 9.76479960605737e-071 1.051761852698305e-031 7.213816295050036e-014 1.293275975060616e-013 9.065359147992806e-014 0.9999999999995708 6.436578288152377e-014 3.580281006961251e-111
 1.020814503289562e-018 1.091145164353228e-013 6.255997152259721e-014 8.20278143917434e-016 2.080548426788004e-083 1.992804701904091e-059 1.475291739076196e-017 1.500012709356708e-056 1.606480015192659e-043 1.222403196583534e-051 5.082126897889242e-028 3.430138229034498e-022 2.12534359798098e-059 1.166310224145649e-013 0.9999999999997495 3.468741283764935e-063
 9.841055959247852e-035 2.01625945755481e-026 2.354293333156016e-014 1.277755180658844e-051 9.527501993383223e-014 4.958625328764867e-019 1.066189471215055e-013 7.429961270828648e-014 7.805339888783425e-036 2.534991918613279e-039 1.968850961685218e-016 9.739936107719654e-050 1.952723219285024e-034 1.237033897742255e-047 5.621809570128615e-037 0.9999999999997826


