# Created by Octave 4.2.1, Sun Apr 22 08:05:08 2018 GMT <unknown@unknown>
# name: i
# type: scalar
829


# name: t
# type: scalar
14.61326193809509


# name: a2
# type: matrix
# rows: 5
# columns: 16
 0.03152827798102543 0.001878846175359215 0.001257031084094754 0.9996421854460058 0.9995448240203531 0.8985725697094253 0.9997961501951569 0.000664617968359285 0.996905648344183 0.0004262995488618524 0.9996450460178647 0.000193933338210619 0.9994228994060785 0.0004003123282324233 0.9967440762941504 0.0004582348021918592
 0.6878211593405753 0.9995966783996166 0.08232090511045496 0.0004502654688700106 0.00159444338674762 0.0003780610793404516 0.0003777388542407 0.07295027098535128 0.0001578858692112432 0.9992144479563917 0.9869292496579662 0.0006356972761340059 0.9998787441809103 0.9996399775071554 0.9993201980762133 0.0007182436980922576
 0.0005532739472528103 0.0003709856885905362 0.9992986951935318 0.000254010061277697 0.9995174505320512 0.2111180797148661 0.0001479560543621937 0.867841582571254 0.999855005704105 0.9979098613695326 0.0004765397332752037 0.05657877559858866 0.002341824805794857 0.9480608256286789 0.9997586992114956 0.05382234333133957
 0.001130117470888251 0.9985737874285451 0.9995025257403246 0.9995694949640597 0.0003497701158157706 0.0001675609909307317 0.9993012871809338 0.0006870024914304769 0.9995552661721259 0.9990379493166384 0.0003735482832722381 0.886948831244558 0.9990447613591158 0.0003511623790283186 0.0002724999288852102 0.002173146561014546
 0.000561242861770271 0.9979213360826835 0.9996628791692682 0.9998367361256931 0.9994366957959638 0.0003604629284626343 0.0001800226478566818 0.1722689196835819 0.0001487131203662737 0.002441978409442918 0.9943061120556542 0.08597360104609467 0.0001544835573756525 0.9995558525766168 0.003268781147246092 0.8690516293282697


# name: a4
# type: matrix
# rows: 16
# columns: 16
 0.999999999999994 1.252882129078901e-019 4.480430700865011e-053 5.047110062519858e-052 9.841652538714008e-053 1.03852865730504e-015 1.470131969817736e-031 1.246632253399198e-015 1.966855820269664e-050 4.074806517218756e-018 3.79076213731845e-018 9.143124670535923e-016 8.760556188454116e-016 2.038925754494937e-019 1.5969568417402e-016 1.172117994443055e-015
 4.310222839830398e-016 0.9999999999999956 2.689867474833683e-018 2.248621202422155e-018 1.454484521363756e-048 4.678691973200946e-045 6.305961296712127e-031 1.950560093975101e-038 4.549719981527221e-049 5.31053445133692e-017 1.207246157269459e-015 3.562220185830037e-015 6.057136553457413e-016 1.380317401105183e-015 4.949903334152249e-046 6.073888048681914e-016
 2.435062516062908e-041 7.891331669520571e-016 0.9999999999999929 2.56591393858284e-016 1.237448836521689e-015 2.151867380126243e-041 9.380139093989087e-032 1.235804242129948e-015 1.535433417334357e-016 4.963008979898662e-016 5.857050217522003e-046 2.440179221244499e-015 4.981852715161016e-047 7.636136794120112e-016 3.022990337450475e-046 4.294250190136456e-016
 2.951497207484623e-050 1.452293106602935e-015 2.475458365132718e-016 0.9999999999999902 1.369090211089927e-015 7.457459575576639e-032 6.706297049736512e-015 1.314958024074369e-049 1.697278714100188e-031 3.586818718553585e-060 4.459861614396261e-016 1.820171019503219e-026 4.335308296487647e-032 1.634176745366187e-043 7.859267322191894e-061 3.254320722715015e-015
 2.174214261801419e-040 1.529770604927436e-044 7.793213714742872e-016 4.532434154222824e-016 0.9999999999999949 2.784696566218353e-015 6.155276564989728e-032 6.628723375815604e-016 3.388423825191065e-017 1.276326739244798e-045 2.94913578916781e-016 2.235519409431734e-041 4.347818712463805e-047 1.171586468856557e-015 1.916264684818448e-017 8.364516256096371e-016
 4.242557438401161e-016 8.200029128285222e-079 3.605238996413191e-068 5.438926084569868e-038 1.005537058312578e-015 0.9999999999999893 3.728491019540242e-015 2.234199139243455e-015 2.580216798938302e-025 3.347314985748455e-066 7.121029987981604e-028 2.67553790072166e-032 7.311377254668058e-038 4.197478797040842e-056 1.112582263955927e-015 1.808002612479389e-021
 2.165862593321554e-047 3.106845054470043e-065 5.872700041779964e-068 2.581861023454591e-015 6.596019298468017e-064 3.930369817893562e-015 0.9999999999999845 2.106998592567294e-060 1.395666279009293e-015 1.602156093828272e-065 5.337524429263238e-063 5.477665293884036e-015 3.153414006328031e-015 2.182553171389528e-112 7.244263073503694e-064 7.885991568214166e-055
 1.164757537442016e-015 7.241714052982972e-056 7.190790852792619e-016 1.728138227597075e-057 3.430341138374611e-016 1.786762275635617e-015 1.372059930744026e-040 0.9999999999999936 2.015113567643028e-017 5.955579103612277e-016 2.134500003484325e-057 1.236446001851167e-018 5.524663390508795e-059 9.139372714883109e-016 1.030526529004825e-017 8.117203193430239e-016
 4.989666122376581e-049 1.308074229733439e-064 1.34823804578322e-016 1.301143948896355e-035 1.825898654405553e-019 9.120469952109998e-022 6.730254455152958e-015 4.941938542469521e-015 0.9999999999999913 8.65629186482382e-016 7.123292120828483e-069 6.673677550771634e-024 1.958521478954758e-036 6.163836831411555e-050 2.17271064128664e-020 6.74577230519739e-051
 7.497565474910314e-016 3.196030535831855e-016 2.186840291386395e-016 8.660277237685471e-048 9.786523351994526e-047 5.058833131172931e-038 1.007829794462502e-030 7.994947937326722e-016 7.188732943009148e-018 0.9999999999999951 1.559489988868753e-045 2.587520551114716e-015 1.397626404669221e-016 7.635640181532528e-016 1.384104880454687e-015 3.791595360589517e-039
 1.093570175774377e-015 1.745740573419192e-017 1.226250874565904e-046 3.335652002339401e-016 2.474090258450491e-016 5.647992308169707e-016 2.899122836731036e-028 4.772139778729924e-037 7.300175106484179e-046 4.759825501103684e-047 0.9999999999999956 3.310787186726094e-040 1.190884353160419e-015 9.809233038029307e-017 9.027787422677287e-016 2.746071572210071e-015
 2.725978435922027e-015 2.490500893743998e-016 1.51779198631099e-015 7.820147223889811e-031 2.55903744699126e-066 1.29095425280047e-034 3.618268770598172e-015 1.220966146515259e-019 3.673887051926465e-031 1.009409292418338e-016 2.903082780549138e-068 0.9999999999999909 1.446801187935056e-033 6.234290893832068e-051 5.955188906198191e-069 4.303069701332147e-016
 2.916899805467217e-015 1.044787057600701e-015 1.065833049757399e-060 6.70384540063428e-034 7.957091530640045e-063 6.098851668035377e-030 6.154132775709207e-015 9.832868363932859e-053 5.588297178992209e-034 8.214825074068605e-016 7.751539854070548e-016 6.938223580672057e-029 0.9999999999999909 1.000718428134887e-043 1.020492609336504e-015 1.663167907626786e-052
 8.840538525281227e-016 1.366400053692861e-015 6.132057243214399e-022 8.506278506467767e-053 3.939451552516224e-023 1.647397324427998e-042 1.144405596405762e-065 3.813746912106605e-015 5.50025986631393e-055 8.78283286657651e-018 1.415946203834217e-015 4.381061734965157e-043 4.071526414743987e-047 0.9999999999999947 2.038815277685955e-017 3.379846731473815e-016
 1.127972488146524e-015 3.180963491350554e-048 4.495047328853321e-049 1.147255425351093e-054 3.437824294922759e-021 3.437805120046837e-015 2.783459496276575e-036 7.934335655171399e-017 5.94550350712922e-022 1.295563304556068e-015 3.526523047194843e-019 4.962643507664727e-045 9.662008948678352e-020 1.410501478212547e-015 0.9999999999999951 1.465024182558071e-042
 1.741877282607116e-015 2.023363023723851e-016 2.890022765268324e-017 1.482654678538678e-015 2.742815487351578e-016 1.952402375621606e-021 1.086318846813889e-035 2.002671218413316e-015 1.737714053873847e-052 2.931599325872607e-053 1.062942896261645e-016 1.552420327216671e-016 4.210928963797087e-053 3.229041875652115e-016 1.144532900749172e-053 0.9999999999999949


