# Created by Octave 4.2.1, Sun Apr 22 08:27:59 2018 GMT <unknown@unknown>
# name: i
# type: scalar
993


# name: t
# type: scalar
15.88503909111023


# name: a2
# type: matrix
# rows: 5
# columns: 16
 0.0003456675974213937 0.0007746825220063319 5.758666907408973e-005 0.9998078861502256 0.2581591211009803 0.0003036244724560271 0.9995015467360444 0.0002335334015960489 0.4374582883691769 0.7368895390570476 0.9998488200398579 0.5371614160721421 0.9656993679336471 0.9997146618941571 0.002293415187601711 0.0002634331404046821
 0.1420611469092359 0.0004125012637585478 0.9989324746239543 0.8576603709947077 0.000831356761891023 0.9996253575267009 0.00225847779163411 0.9472268583845308 0.0001252416606515352 0.9994848633137094 0.999461109323923 0.9997350223616264 0.0001722569570230967 0.0004259211836564124 0.0004285283977724757 0.6762851245738989
 0.0002503641769248469 0.009383452466827587 0.7718372609006426 0.9998305688688939 0.9973153852534899 0.0001679841080844762 0.2306376963999675 0.9998189030533742 0.3689925518237073 0.0001389484591914346 0.1368800963682043 0.6410006197110926 0.9993286570975201 0.0006700624237440346 0.9995958218439257 0.0002146106312353222
 0.07160746356158128 0.0005165422893567952 0.9984129517534875 0.9994145595402977 0.134319899584669 0.05885512287233165 0.03674785034738327 0.0001948250415015647 0.9998143360218511 0.8999917688977814 0.0005357190956684995 0.0001103214987056954 0.00186911291794497 0.8930551272783811 0.998569339817573 0.999809240996275
 0.0003120778656865533 0.9996873080046499 0.009732953518046181 3.218985522124156e-006 0.000324407273654707 0.7466299688765301 0.0006343179905625817 0.9995439662151193 0.0002612245775537398 0.004467176476720304 0.9996062909637452 0.000192542589774532 0.999563179983498 0.9995662248827507 0.9995591817112457 0.9995245204010733


# name: a4
# type: matrix
# rows: 16
# columns: 16
 0.9999999999999909 1.652311442948942e-015 3.87586027092181e-021 5.618316530435647e-050 1.146504141583627e-015 2.163357009107435e-015 1.743892366972575e-015 5.578991043655055e-045 2.259674632464226e-015 1.525432200772818e-020 1.79254456756197e-050 4.255481339295636e-020 2.931558516528713e-062 3.789950155770213e-050 2.197464043691493e-049 2.87984498668273e-031
 3.462802611208716e-015 0.9999999999999942 4.049617193022669e-059 2.752433052858423e-075 3.138049274599412e-031 1.714769608405072e-015 1.314630880159386e-030 2.433349993809347e-021 1.38434751322666e-038 1.849081330625302e-058 4.413981413739866e-026 1.601041366331821e-050 9.378129853993543e-016 5.423000372400038e-016 5.315666217375031e-016 9.771843165586776e-017
 9.280719059675209e-016 4.234245359738849e-037 0.9999999999999949 1.194286621008209e-015 4.557420809234785e-016 1.934544535366328e-018 1.491453261357329e-045 3.447390455305659e-016 8.921507860457625e-016 9.509678380304497e-016 3.506050749531407e-052 1.088603030456164e-015 3.443675549004169e-057 2.14423294355583e-055 2.644553661247538e-016 1.210279548428123e-015
 1.644578417504403e-043 9.313928600232903e-060 4.098026861623022e-015 0.9999999999999898 1.49902292009853e-015 5.124697745133951e-053 1.272506371812576e-015 4.773560551487545e-036 9.182490361204458e-016 2.516868828538707e-015 6.234974626930449e-031 1.272200624208316e-015 1.564649792545619e-015 6.53162935145595e-027 8.576243048456948e-028 9.020861784765715e-048
 3.330113345519667e-015 7.203548304954302e-035 1.725171231032777e-016 1.176347600307636e-017 0.999999999999994 9.499734862486266e-047 3.537482651735123e-016 2.539305834540987e-021 4.621553988933505e-016 4.080438048887907e-046 1.863153051840374e-058 1.675601909030695e-015 1.404217705066077e-015 6.423160714821431e-055 9.770988414028772e-016 6.982923774030577e-057
 4.922054059764241e-015 1.246894530993853e-016 4.930822286357783e-029 3.079592159660674e-066 4.830343214770683e-056 0.9999999999999896 1.659537720277941e-051 2.027036520682802e-015 3.343174945502691e-060 2.961987595173276e-024 2.757764724700297e-015 3.015375465002385e-019 2.424455411542388e-070 1.445332354874597e-060 3.720445554372818e-065 2.216042170750373e-015
 3.715954788647345e-015 1.716742884326021e-033 4.898680023294967e-046 1.505805656687207e-017 2.123244715881338e-016 6.938098395142191e-042 0.9999999999999944 1.872382091319145e-055 2.230916851850239e-016 4.719251194212852e-016 4.052220237719e-019 3.077206888318219e-016 1.958217044652652e-015 2.458307446153878e-016 5.561794167335374e-056 3.463316586905378e-055
 5.157351363240353e-032 2.277268208015863e-020 7.421682304643131e-023 2.877301999517695e-039 3.236568983615163e-015 6.713962663962064e-015 1.639299603145499e-047 0.9999999999999929 1.053010958757246e-051 3.077096377083501e-055 5.078873777474941e-028 2.171720915402196e-017 1.073315011385805e-015 7.034819058805317e-059 1.062368354712378e-015 7.036198041518798e-034
 2.811314197595539e-015 5.294282618430304e-040 5.077196616555804e-016 1.436280626573449e-015 6.513420221291833e-016 2.672436933371524e-059 3.182954734113972e-016 3.841865157339568e-072 0.9999999999999918 3.814970701350394e-016 5.5190457199401e-071 2.413280713379035e-046 4.385397905219304e-048 1.48535542927015e-015 8.744465784792731e-016 1.024202922170023e-028
 1.007501375899826e-015 2.262538192844945e-037 5.110809896493195e-016 1.471858510835989e-015 3.910929592727321e-045 7.769783927034203e-016 7.139989325414327e-016 3.071608120789594e-052 1.749757595319675e-015 0.9999999999999931 8.605361883987823e-016 4.503676184873121e-017 2.947540214850158e-058 1.797242423592726e-018 4.278264975601189e-057 5.663062501353637e-016
 4.062588548573549e-037 4.687123741720155e-028 8.756464467565676e-048 1.071569405474949e-026 9.553511404106609e-047 6.021296182032159e-015 2.240919989995176e-015 2.023490157027971e-025 1.547667452450414e-047 1.585144681369072e-016 0.9999999999999916 6.014156607695e-016 1.693678277820006e-015 1.160887104868186e-015 5.432084279394678e-057 1.062300401109173e-032
 1.963682610118299e-016 3.486956134529835e-047 6.697601558241586e-016 1.063595296866441e-015 2.70524259398608e-015 3.631904721636335e-015 1.900610546896197e-015 3.773998869002821e-016 1.759815096779933e-043 6.241352023090856e-016 9.461619743341918e-018 0.9999999999999922 5.44565513155878e-039 1.780656499582682e-070 1.081645081062743e-069 5.611127359021251e-058
 6.657940303524065e-036 1.475795884719453e-015 1.208118499394803e-052 7.935160016257954e-033 2.562372137538967e-015 2.10445260849908e-037 2.43571098860013e-015 1.034975469622629e-015 1.896703144493577e-036 7.122909291645495e-053 5.19757461453448e-016 2.377567405482558e-031 0.9999999999999944 7.059130213846865e-016 5.683391842921444e-016 7.433129478235384e-043
 6.10055817045313e-031 1.483072458185478e-015 7.641643269945382e-049 1.052281873519225e-032 5.436300238203001e-041 2.14432155038626e-036 3.44527714859038e-015 1.042651147582985e-050 1.090924495659343e-015 4.203055061673287e-023 2.774774538453296e-018 1.785776623111103e-049 3.19558872708215e-016 0.9999999999999938 5.379183665254274e-021 2.655954226575313e-015
 2.92149298648907e-030 8.041945418176117e-016 5.181544985678983e-022 4.877952104251595e-032 2.774169661270587e-015 5.72218906753387e-038 1.204527227071941e-040 4.82967152126843e-019 7.854031991224322e-016 1.917951210086917e-047 9.924190081014008e-050 6.772536993857912e-047 4.437119292344468e-016 1.09939818175362e-019 0.9999999999999944 2.953882092297194e-015
 8.380967007633814e-021 1.263774539062181e-015 6.271479281632179e-016 4.446608175785158e-048 5.252023763757057e-054 3.478479295678533e-015 5.985837866719516e-054 2.232173604508034e-043 4.133145864918785e-016 1.110875162412225e-015 2.19449584144426e-044 2.016186745614092e-054 2.134722438837883e-068 1.574899928207173e-015 2.078255920976792e-015 0.9999999999999918


