# Created by Octave 4.2.1, Sun Apr 22 08:30:35 2018 GMT <unknown@unknown>
# name: i
# type: scalar
4506


# name: t
# type: scalar
45.88188791275024


# name: a2
# type: matrix
# rows: 4
# columns: 16
 0.000175801067182402 0.09388157997317362 5.893484212113153e-005 0.0004310871843552381 0.9995434388458532 0.2721991250139127 0.9999416039726841 0.5714087773967893 0.497070547122536 0.9997185283831503 0.0002770246942327617 0.9997811292522409 0.9999409073741989 0.0001079850524029755 0.4546725076566782 0.9996588411981059
 0.9998479066973652 0.7560974290483079 0.000311916926151656 0.9946400368927888 0.6948534277646328 3.691149939280822e-005 0.9999131158991196 0.9999325136945547 0.0001147256605989561 0.001025355025671243 0.28914645655562 0.9994364361934506 0.0001309856516016783 0.4341427204853904 0.08689336242392225 0.2533820676673504
 0.6495630099429686 0.07128180558218361 0.4437664131119882 0.9599570392921363 0.07596854902751969 0.4003130890664916 0.9596787287976051 9.004005218860504e-005 5.749004073570613e-005 0.9999053103995702 0.999957784427325 0.9998641662614298 0.4973144429069289 0.0001148326689803701 0.9999418368961018 0.0004802889080785686
 0.999799872171151 0.0001035120572554689 0.1039913022436707 0.1014252178203491 0.0002045023993255951 0.999865891528686 0.9999344665941851 0.7253342051027318 0.1185865028067037 0.8629440794138796 0.8045758722654711 0.000127305436393906 0.000305439286185464 0.7507717940630569 7.067600840731418e-005 0.9857666534736589


# name: a4
# type: matrix
# rows: 16
# columns: 16
 0.9999999999995746 2.494799162778566e-028 1.422126952727017e-043 1.13572294458328e-013 6.481534129131849e-055 2.869221438395271e-025 5.771411023048384e-015 1.264206335883034e-013 6.232284030640831e-058 1.338856141023413e-047 1.413875241906913e-013 9.220000035339799e-044 7.422899634658668e-074 1.579305987913527e-013 4.109952362406357e-055 2.347861685683175e-039
 5.350870601826268e-033 0.9999999999996949 7.849210415486035e-015 8.946887003196857e-014 8.26381664717078e-014 4.095928842770397e-050 5.264190081621419e-070 3.954678051451716e-018 3.550722301599138e-014 9.482095533339683e-085 8.400410795453409e-051 1.568467194762804e-038 4.652079100415994e-040 9.165862559459811e-014 2.931249913194956e-040 1.356039577674782e-051
 7.194759914678245e-040 1.576157837651345e-014 0.9999999999995368 2.085455241848868e-021 1.897096063292541e-059 2.678848482308099e-021 2.75137206257363e-092 3.049410368844883e-062 1.833470745903033e-013 2.205518354834885e-057 1.121540713728125e-013 3.128853484669108e-071 4.610822375574282e-038 4.892906722977632e-015 1.050983597710976e-013 6.270769928277662e-066
 3.857334580742901e-014 1.450500909346689e-013 2.372430778427986e-017 0.9999999999997649 4.84930705565255e-041 3.496343644523602e-045 3.476692655583282e-036 2.943544805961521e-040 1.413942710941877e-042 1.342676514221734e-049 4.002284513037135e-014 3.186421463203919e-014 3.288354143171714e-043 7.987159633906955e-034 5.277927109662531e-014 3.739318029117923e-071
 3.651711580848937e-060 1.158178827376557e-013 6.860185902110384e-044 2.018680350122758e-045 0.9999999999996683 1.159103413365784e-059 2.590968230591349e-041 8.403347444919825e-014 8.873833527876267e-015 1.117951058256871e-054 9.240006142864211e-078 1.518204227400817e-014 1.80539478359115e-013 3.011647564967068e-040 5.180162551508862e-045 1.926375806188859e-020
 3.703261703703836e-045 2.740902295322798e-061 5.555180289226876e-015 1.508084018815913e-079 3.408497654138024e-075 0.9999999999994647 9.131787881151122e-068 7.100504396763508e-059 2.446964731640716e-019 9.939496269353282e-014 1.481384982831179e-013 4.252885569029896e-103 1.783680039574616e-038 2.150723369742557e-013 1.904565338807347e-038 9.04854979942546e-014
 1.527881039641645e-013 1.595223576526319e-047 3.103263634396882e-060 1.057232908628841e-033 1.283926820925991e-028 9.349707249445288e-032 0.9999999999995166 1.109637209512105e-013 8.292375167062154e-053 1.542509447727302e-013 5.578076035729893e-031 1.63528523134701e-013 4.432182160843289e-040 3.04241867008705e-038 8.919842991481394e-046 6.199337166844278e-014
 1.23767709511627e-013 4.773658357175628e-014 9.947909956638172e-060 2.955294213850842e-040 1.920391334079518e-013 1.480025333616196e-043 6.023629513801037e-023 0.9999999999995279 4.298968897519006e-039 5.212736497954493e-068 1.223630402976512e-060 1.459749254157076e-039 7.587201652590656e-060 1.547575715438394e-013 2.475060038188934e-079 7.561522843959324e-014
 9.628926647724122e-077 3.288678584904536e-016 2.250940692895543e-013 2.386237539652631e-076 7.822793365587014e-014 2.298147805247138e-028 1.438422506665729e-093 1.617916478697844e-034 0.9999999999995004 5.880848708362206e-059 2.832422796895681e-068 3.670024029227425e-076 9.783166477133473e-014 5.287421180894733e-016 2.870037567320337e-045 7.454061347032304e-014
 2.977154298003714e-039 2.416125059082944e-060 1.92929735897792e-031 8.958876460850542e-046 3.920821196577635e-042 1.54637102279421e-013 9.877252023168996e-014 1.543281047226006e-048 1.103609523892793e-032 0.9999999999996492 4.90074505173136e-015 2.269306155959967e-028 1.310278447753394e-013 1.972445932871658e-043 6.208524237190744e-014 9.191613661756937e-017
 1.366989297895945e-013 4.474831011081501e-049 4.637364671734412e-014 2.484507319294215e-014 2.888584358644698e-083 1.330986114765665e-013 6.996541669246891e-041 3.45823170362055e-065 1.316892698205392e-050 6.120903257891696e-021 0.9999999999995972 1.226422258754619e-053 8.610078528584735e-053 7.814769018663542e-031 1.284406196838459e-013 4.391982420103506e-063
 1.389082678574409e-042 1.825251074195212e-032 5.439250736842616e-040 1.312695572444381e-013 1.783501651987858e-013 4.535741419120353e-057 8.354016147660571e-014 7.633373076223282e-038 2.131001509982947e-039 2.17299213067152e-024 1.622701332125553e-040 0.9999999999996205 2.183614657204928e-014 2.272120396031259e-059 8.720758360044403e-014 5.535498496790688e-046
 1.285551247301231e-095 1.822252773234294e-053 4.49181120348963e-033 6.8376616195244e-068 1.059249100452634e-013 6.459601406757828e-049 8.765456913673179e-054 2.236488064063564e-064 2.097656829489138e-013 6.274860125132526e-014 6.415935724834593e-064 1.718440153632158e-023 0.9999999999995435 1.215001048194635e-068 1.628857395183034e-013 8.021887466907711e-028
 3.079786743184181e-014 1.623574838360333e-013 1.669361082540947e-024 4.795742188798654e-050 1.01396583973877e-052 2.488151535913484e-013 3.133661010985181e-072 5.641714295200663e-014 3.139767800170214e-024 1.050050083976118e-076 3.475929222756346e-035 2.230324194583294e-097 1.440493250215374e-072 0.9999999999995144 2.553648011162578e-073 6.35803898988639e-026
 5.928396511774253e-055 3.823600640772643e-048 1.998654449882342e-013 8.850720346341448e-014 1.700229844641271e-051 4.630325314497065e-043 1.128160274591742e-045 1.526948720721465e-081 4.681306804473062e-038 2.516424957918946e-014 2.679281261270806e-014 1.056828881508628e-014 1.692392598294926e-013 1.230628305486153e-064 0.9999999999995559 1.668059938486098e-072
 1.338903003648487e-040 3.712373002288269e-038 1.04124626583079e-038 5.964326718146719e-066 1.22927745667835e-014 9.855917474862302e-014 7.813823650871258e-024 1.066285439691947e-013 8.125465143984406e-014 2.576737603758193e-014 1.979808947349571e-044 8.123080519978141e-044 6.522027926180377e-017 3.834796271516761e-020 1.689431675784136e-045 0.9999999999997531


