# Created by Octave 4.2.1, Sun Apr 22 08:52:26 2018 GMT <unknown@unknown>
# name: i
# type: scalar
22001


# name: t
# type: scalar
194.0689659118652


# name: a2
# type: matrix
# rows: 3
# columns: 16
 0.6716713597182433 1.815602441787208e-005 0.214439631475102 0.9999814193727036 0.7314832616376411 6.764563884830296e-006 0.1909096279554708 0.6236557024559736 0.3063122612390644 0.9999221159671273 0.9999885318140438 0.6505620795241389 0.1659551286939709 0.0003179212920970155 0.2861004965723402 0.9999761967371428
 2.629748283756875e-005 0.2155832802492449 0.1185118041204157 0.3659157816346234 0.9999453280905273 0.6622280948520374 0.9999889720782064 0.9516631357224684 5.652378913716589e-006 0.098656847444134 0.9999694142163347 0.1870238066717246 0.3398496910770438 0.5919933074617378 0.8569764635444527 0.5625012416894524
 0.951180724764183 0.5451645976315801 0.9999484650915735 0.9999599817501671 0.008051271927492084 0.3251300164968168 0.5851454931163975 0.9999742514285394 0.3553618732175319 0.4490517768863934 0.4570362557157267 1.271791573881147e-005 6.894168253201747e-005 0.9786023268318057 1.312899806066777e-005 0.02008564259732802


# name: a4
# type: matrix
# rows: 16
# columns: 16
 0.9999999999673037 9.410640418249973e-046 1.853176571246915e-011 6.151352933023159e-012 3.455046991626842e-119 2.08500124758044e-095 2.883824258751926e-109 4.970945487466482e-075 4.496278472291496e-026 1.106573828919219e-011 2.243404518631153e-092 1.100115244234362e-048 7.510578865264609e-076 6.950243898652518e-061 5.080480374615209e-119 6.742227267082035e-072
 1.048592061670405e-055 0.9999999999606428 1.277295304952401e-011 7.331466628519924e-111 6.348477433375018e-108 7.438947285737471e-012 1.227676760262741e-051 2.881151015620579e-099 5.337310763840277e-012 4.757610550999243e-094 4.14939686212111e-140 1.842943532479831e-057 7.878364850425094e-012 4.671115653782305e-012 1.79351321392298e-051 2.875072257507314e-115
 1.466216680094986e-011 1.056009485230293e-011 0.9999999999695155 3.412306642506513e-053 5.14599357440127e-141 6.540547831559599e-056 6.379647503898916e-075 6.140943065501866e-072 5.849402082223388e-026 1.22956795418848e-067 9.09389518189063e-130 2.591539489348761e-080 1.135538167914525e-062 6.797918590697828e-012 1.340518596394767e-105 1.458531393798977e-125
 2.064356329266751e-011 5.958314033980362e-067 2.992829932466157e-036 0.9999999999696281 1.778365660412922e-045 1.049844563526854e-075 3.962915308658816e-054 3.162740672848637e-012 1.374967152091144e-056 3.32733632807221e-012 7.832694663345406e-012 1.391080823843823e-050 5.744961845426278e-079 1.271722512115171e-049 6.685100654253112e-072 2.741562758486458e-029
 3.565758671414372e-117 8.104867846240488e-096 1.721536978165131e-125 1.11331195085707e-087 0.9999999999629758 6.528249226353826e-053 9.967122621650824e-043 1.365900647830234e-060 8.040683490300191e-089 3.465000332788136e-069 7.516634244308745e-012 3.271205130516238e-044 6.171863408789434e-048 1.070810548409802e-099 2.189766676973517e-011 1.178567172165523e-011
 3.353944567781161e-117 1.843131218473678e-011 9.295785545165117e-056 3.722932666720349e-149 1.520007123603222e-064 0.9999999999477329 8.03017511748277e-012 1.521393272035181e-081 2.153857706623707e-052 1.598658158471056e-141 1.681124517492714e-112 2.964002749314877e-080 1.013856200080241e-012 4.190789891104728e-012 1.931856700679015e-011 8.975821283501754e-114
 2.084220885724008e-094 3.090123879923941e-047 6.216631320408193e-062 3.776965985899278e-079 2.903470224035303e-021 1.405207669143959e-011 0.9999999999658487 9.295096627136422e-012 9.449605202466377e-082 3.172947235685759e-106 1.802265058878651e-030 1.100461119838621e-085 2.061731784076048e-049 5.395801159328972e-012 8.514245965645913e-012 6.962174038858167e-071
 1.05076974291584e-032 3.976885048281318e-049 4.691228209338859e-029 5.664432893822326e-012 4.286212817360944e-036 6.111356556606343e-041 3.901632870684541e-012 0.9999999999741296 3.99401849183849e-065 1.575750738805777e-050 1.014388977962271e-011 8.225143331822871e-072 2.50517720852318e-069 1.039932354291748e-011 2.729635909693693e-046 6.540123238264516e-052
 6.25721510220534e-012 1.746908387027315e-011 1.392933411454317e-015 1.094068511190066e-061 9.68604565809713e-105 1.005967977257871e-056 9.658626862236834e-105 1.553453334033185e-118 0.9999999999599161 1.155493298005438e-019 7.365876427584654e-121 1.470228073412003e-011 2.363131746040011e-017 3.56886208646967e-063 4.024252727114045e-078 2.955207294751761e-062
 1.169513189385632e-011 6.50010681212947e-062 2.309961399875031e-048 7.858530460487034e-013 1.788761461451737e-054 2.608131726990253e-085 2.775136286943688e-096 3.5777240589437e-071 2.498925614126277e-027 0.9999999999751108 4.230212875450737e-043 7.828854712145551e-012 1.127906644832797e-051 1.641426310147628e-089 2.331787750840506e-074 7.404440147687044e-012
 2.178064954208668e-048 3.984906110573415e-086 1.801385992889298e-072 8.469129923244342e-012 2.216140437201432e-011 1.346083230592645e-069 3.396421644588695e-041 7.644503346145444e-012 6.035384826689919e-077 1.638502863879964e-027 0.9999999999626523 3.79037836737797e-050 5.457174482318075e-075 6.694019215276504e-067 5.839007970386544e-046 4.730722190828114e-012
 1.302730414672951e-051 2.042844020723288e-049 7.352861747340426e-074 3.72025060631145e-075 2.218495225641163e-048 1.640696427861005e-064 1.074575113589832e-105 7.193053024207309e-126 4.081134513782926e-012 5.818788272903289e-012 2.739705847633723e-078 0.9999999999692404 1.103230222070989e-011 3.067396185207987e-111 8.21654630009973e-047 9.918805886130484e-012
 4.386024571302283e-072 3.824101740036267e-014 9.450860008420562e-054 4.576193318785267e-104 6.192247774495689e-041 2.440243250605647e-012 3.275246174604948e-050 1.599470326415482e-100 7.536688686973907e-012 4.250343404774444e-059 5.95222070318516e-086 3.193607766910788e-012 0.9999999999761684 2.184066669176261e-054 8.70382740961125e-012 1.050943442312967e-043
 3.485971605638186e-047 2.111434333499886e-012 1.228219409150895e-011 2.081931515589172e-062 2.887187219286249e-071 1.122177296934609e-013 8.847476211856176e-012 5.904535023091955e-027 2.56099075785229e-044 1.714559497937913e-087 5.959379699908427e-073 8.758695129282041e-079 1.238059163228226e-042 0.9999999999785212 7.933435396877292e-043 2.05988858294413e-096
 3.436791952744099e-146 7.637379817631228e-056 1.120472966287976e-114 8.703834162518843e-151 2.077843055750716e-011 1.62529779237699e-011 2.14357346561353e-027 6.711411281335906e-094 6.937164372482336e-071 1.09722886732456e-117 1.011951282279348e-067 2.981333618507224e-051 8.23987473748559e-012 1.457653273304177e-072 0.9999999999543807 3.807671225846437e-054
 1.287567162751151e-063 5.320074861772479e-090 4.649316248416166e-100 3.770138586456406e-045 1.352660491392257e-011 3.093455051444642e-080 1.353363090536533e-083 5.693036551016773e-076 1.071425377099747e-055 8.021920869728646e-012 4.706503985081341e-018 9.642608339270144e-012 1.408018378453204e-047 2.868508559101028e-117 3.00205093213723e-042 0.9999999999721183


