# Created by Octave 4.2.1, Sun Apr 22 08:31:55 2018 GMT <unknown@unknown>
# name: i
# type: scalar
4399


# name: t
# type: scalar
43.62471699714661


# name: a2
# type: matrix
# rows: 4
# columns: 16
 0.1298383526821598 0.1500200983840149 0.0002523789679427151 0.9991665501327306 0.9998860149522202 0.7808644739656012 0.0002588067400112627 0.7498805845788901 0.9998856207996496 0.999657068688076 0.0001006674926619451 0.0002042603425377046 0.9998016692237249 0.0002536592346635388 0.0001028953714661954 0.8197922290658086
 0.9995484491083884 0.01346965395314847 0.9437456528270363 0.9128773264430551 0.2602975386491538 0.0001631642326280688 0.224388439239745 0.9999641593320476 0.9998136383568325 0.8110202390957697 0.9999594832506291 4.182248647013867e-005 0.0009890627232554178 0.3107651743509965 0.5075311195646705 0.0001635403700341323
 0.000919779237659789 0.9385905601844777 0.8960256160436021 0.9998090492669002 3.227409919339252e-005 0.5315983078463954 0.07730816105846086 0.01907159397739815 0.999850281618886 0.03064769130800311 0.635021136099052 0.287682241648178 0.9998919228469109 0.9998835625966733 5.785374232092548e-005 0.3003441078494737
 0.1511523191885791 0.01314993932614582 0.0008174368520062001 5.182029062289343e-005 0.6423407100703388 0.9999480238130851 8.24037700033692e-005 0.9108641816224401 0.9998370015966076 0.0006292351801586815 0.9995536443009362 0.6638790672947812 0.4613972006675091 0.9989710514051447 0.8856536493132671 9.50146330732357e-005


# name: a4
# type: matrix
# rows: 16
# columns: 16
 0.9999999999984364 7.607027907778749e-050 2.247224644278985e-013 1.929527767558517e-039 3.623374815677048e-040 9.559028031016664e-066 1.086241402569243e-012 6.167627349270752e-014 7.25513137539332e-051 4.154413517155806e-013 8.849002726506726e-018 2.368096135761839e-036 3.582223939667871e-077 1.704359632398871e-052 2.180381834061451e-013 4.151812019740436e-045
 1.604093036132757e-043 0.9999999999989821 3.994259887350114e-013 4.78753910405326e-029 3.85904041731462e-050 1.453192760241698e-032 1.118276592350931e-013 1.147197300280247e-071 2.953712229640492e-053 4.370051900991619e-051 3.931778692925385e-043 2.654180959885495e-016 4.063105561123862e-013 4.045954307238026e-014 5.806879553289419e-043 1.515099392861558e-017
 5.029709384672925e-013 4.725591030095245e-013 0.9999999999988431 2.716896692646212e-013 1.693746386703955e-062 1.044508034454211e-058 1.977687442737811e-022 2.188538400978322e-044 7.063724591498018e-032 3.179291867074193e-036 1.417783611227272e-013 1.180877231918648e-036 2.234090724782407e-043 2.243217381875671e-021 7.3713927499796e-036 4.166772061809567e-044
 1.848092499110679e-036 2.316959325696771e-016 7.492247431589919e-013 0.9999999999984348 2.372528481185914e-041 1.660951564007659e-048 4.883079115695768e-038 2.710434128383765e-050 1.063875648841379e-024 7.110696118910936e-013 4.369925506648329e-055 5.296773323405406e-059 6.425511726774728e-013 8.922994779331469e-052 5.726840074113235e-070 1.059481491746878e-016
 4.911860592376162e-041 1.474262687002955e-067 1.861884237310186e-093 1.064168130329346e-067 0.9999999999974341 7.463698036742281e-013 1.343510613482728e-031 8.54432478998566e-013 2.335335285176712e-056 2.547704354327543e-013 1.969141663582849e-067 3.197717658864955e-028 1.744969509218857e-038 1.412499136599799e-069 1.225861030197348e-022 8.110738982320393e-013
 4.618396494568262e-077 8.060765993535521e-044 8.732022268951467e-086 3.622143726507408e-073 1.206932605736035e-012 0.999999999997323 1.261745924354891e-052 7.496069541089581e-035 9.6275829642809e-031 6.745628532298146e-066 2.495476341569965e-041 4.980705538229267e-013 7.002865039400692e-013 5.700171222252436e-013 1.217482149620836e-023 3.776614104907502e-034
 5.988941088999964e-013 5.42436635700564e-013 1.287063787429913e-027 2.662201000132712e-058 1.260688266226252e-038 6.750149288589797e-054 0.9999999999981266 1.028213833372624e-057 3.465126406990252e-095 3.504548199323301e-029 1.624255701112354e-056 4.287655124945683e-013 2.429151721812722e-054 1.963709911538446e-051 4.772686649131968e-024 1.224860552556177e-013
 1.623777777365343e-013 5.284020290709167e-074 4.754315686628628e-047 5.911114961367274e-039 1.230397719792059e-013 1.000908722443585e-031 5.040594665913913e-044 0.9999999999983404 3.083447144776328e-013 6.072089755242545e-013 1.830380996742644e-014 1.10811182506432e-041 1.610240293115656e-055 5.444293208774337e-046 8.799234326588597e-013 1.935347711139298e-047
 2.594850626775582e-041 4.490784976132781e-039 1.212316495157671e-031 8.0057606910325e-013 7.531255411313474e-024 4.07230012230981e-013 7.365378801179671e-055 6.095412450442708e-013 0.9999999999979212 2.433583437779328e-031 6.177649917757676e-013 1.118024349115847e-038 3.547508135081586e-013 1.256263986587237e-014 9.724504393916641e-033 2.626923131537669e-039
 4.131595384700618e-013 3.499805553710913e-049 1.256252504930134e-037 3.317117899179443e-013 4.634871104474829e-013 1.271174591460076e-046 1.085380166193264e-026 3.90250272135247e-016 8.540250513485061e-038 0.9999999999987959 1.083324682656538e-055 5.531321541587752e-053 4.04622201756072e-039 5.377835226808801e-076 2.878755375545189e-043 2.074083371657239e-013
 9.278893747488011e-015 1.478073109793036e-050 6.728004344892713e-013 1.32789954046724e-039 2.289668342063633e-053 1.125598006402186e-046 4.988384791876243e-043 2.10980860923193e-013 1.628858854628924e-013 1.154531135901694e-047 0.9999999999976177 3.894820560469696e-035 1.332005772847025e-062 7.416775942022396e-013 1.169433901626544e-012 1.254583812249706e-071
 4.954927241790265e-062 3.750112783814286e-017 2.760979720859001e-070 1.001469814779047e-103 1.312355734776365e-035 6.18060690481692e-013 8.285835532497497e-013 6.172851397875845e-069 2.720040647949534e-090 6.655482677575344e-083 5.032917123855546e-051 0.9999999999968159 1.449929643005335e-037 4.751630604318974e-013 1.018037270706188e-012 9.433611463263042e-030
 2.874240069779954e-072 5.893129084437721e-013 5.826835824722695e-046 2.800828569067415e-013 2.00901804651559e-028 9.228991199146113e-013 7.569721811040825e-050 2.080592451378626e-058 1.197010486545955e-021 5.045314532732489e-040 1.853618334355151e-061 1.261525223129301e-040 0.9999999999981066 6.971819807302208e-030 9.536836836150201e-066 6.303401710377437e-013
 3.798054536935585e-056 4.332155782252894e-013 3.486039695060657e-029 2.412060704625502e-046 5.989893534464073e-048 2.096701980336835e-013 2.935818956750634e-040 2.111976673572922e-049 8.388689454981321e-023 1.242063330883742e-073 6.114328821672376e-013 6.250140490335864e-013 1.903445073447255e-017 0.9999999999985167 1.258889428442577e-025 2.147301755528895e-046
 4.874795905152631e-013 5.191901137752669e-069 3.095447785235055e-056 1.626515865392327e-097 4.560710994273703e-034 1.943833391709185e-042 2.386960366750944e-021 2.755019515373405e-013 1.020237160088524e-066 1.333653021950324e-051 4.312731172529946e-013 1.040832337185845e-012 3.805551779187132e-089 7.451586372058604e-035 0.9999999999978064 4.916960476498159e-063
 2.044278785383797e-045 6.664028889539132e-016 8.927440455005073e-056 1.467974145579671e-033 4.923038806443598e-013 5.960486123230299e-029 5.648223016776417e-013 2.202335210764414e-058 3.160541203720156e-072 2.999610256754691e-013 8.071040917921604e-089 9.065347816787985e-031 6.7156706700147e-013 5.029031051206175e-067 2.756355268991352e-054 0.9999999999979772


