# Created by Octave 4.2.1, Sun Apr 22 08:35:09 2018 GMT <unknown@unknown>
# name: i
# type: scalar
4379


# name: t
# type: scalar
46.53822302818298


# name: a2
# type: matrix
# rows: 4
# columns: 16
 0.8747230657044766 3.33931417169592e-005 0.000101727981858492 4.395610973866472e-005 0.5067864884159778 0.08073682677247489 0.9999404143717092 0.7801859526488225 0.0001141696369755081 0.999860571966865 0.4965018921670473 0.1005046289378806 0.9999002720968353 0.4041323266087898 0.4140884910099151 0.9999388459292017
 0.1043944456909612 0.1393170977920681 0.1696676185359816 0.9962222380096627 0.9994914869720996 0.0918603541657287 0.9996287859677775 0.0005637057085921117 0.9995087290055937 0.999916060298528 0.002654847319089626 0.9997998088338963 0.9471377562303263 0.0001269188099495851 0.9998782475754674 0.0001597777029715705
 0.04494132706447528 0.3802571167388134 0.7989457979461269 0.3979256742990771 2.948283786069548e-005 0.0001486474936885316 0.5158237931927766 0.9274429481461013 0.9729377369767255 0.999903820229487 3.75012397071353e-005 0.0001460725654163753 0.0003618460326910826 0.9999054162422017 0.9999224414428133 0.5372287465383643
 0.1013032543318616 0.9995801907950874 0.1260571806557627 0.07131674196168737 0.02035571899790784 0.06530493684784758 0.0001119640160369729 0.0003769320824828802 0.9990220075411996 0.9998677444028371 0.9952845331662222 0.9998053730860909 0.9997131983321851 0.9997509635255358 0.0001398844381815976 0.9998609020516487


# name: a4
# type: matrix
# rows: 16
# columns: 16
 0.9999999999998126 1.483487141176684e-047 6.268007263245547e-044 2.815334578582875e-047 3.51053903080656e-016 7.941392815984579e-014 4.144562866592206e-014 2.491510715812345e-014 4.292218773691698e-083 1.71815173267021e-048 1.894246269537861e-015 9.726790202860197e-050 8.760676606354364e-017 2.086024306615961e-049 9.959876921569724e-050 4.232235867807035e-014
 1.243002936500213e-063 0.9999999999996965 1.875904197198335e-014 1.577101545793943e-034 2.79718119266363e-065 4.990249219128394e-014 4.120340085514162e-100 2.826863961724673e-063 4.550098625997129e-014 4.175196131337218e-077 1.281178860501528e-013 3.553327966167459e-014 2.147347558286193e-069 5.401705646560287e-014 2.361824079832679e-066 1.614755161117127e-048
 8.093079285510648e-050 3.359922252699861e-017 0.9999999999997955 7.106515318480776e-015 1.547924877131178e-049 1.027463756212119e-013 5.734274424608982e-056 2.173466581601417e-014 4.049117791959311e-015 2.442710708084932e-060 4.109980834383167e-049 1.015117267711298e-049 3.975020560246522e-090 4.169841887850175e-014 4.295498826746856e-014 8.690623824753608e-056
 4.782226826750436e-061 1.184345866843915e-033 5.292268674781771e-014 0.9999999999997233 1.128178632040681e-013 2.731525823093477e-014 6.692879119323158e-045 2.434299622282478e-061 1.991443741985693e-014 1.953782540300725e-072 1.521744140032895e-063 3.286856291848675e-014 1.229995286727679e-067 1.394219786819927e-064 5.20854855876372e-014 3.53672538982672e-096
 3.864384022781031e-014 8.12811930725485e-060 3.127243919676342e-058 1.34038479623245e-013 0.999999999999736 2.678638180665313e-014 6.462506171168592e-014 5.909665808919116e-063 1.896801086359695e-070 8.289642129786769e-068 3.186471600954029e-040 1.492537622613253e-016 3.483603892211764e-014 8.94002996169907e-096 5.906333592372846e-043 7.195085389945943e-068
 7.72130804614875e-014 9.500432380932733e-015 5.696878141125224e-014 2.206674723742439e-014 1.157595776948947e-015 0.9999999999998146 1.010218521067588e-046 3.360546477078303e-036 5.455855862173809e-049 1.51444305752551e-079 1.165042331278152e-014 2.36570017628301e-020 4.018878532097025e-046 1.82000996948295e-044 4.33662730993682e-045 4.247631493692778e-047
 7.390765620185638e-014 1.56105538612166e-077 2.432058544347998e-051 4.781713008086569e-037 1.78835521334796e-013 4.774493087068314e-050 0.9999999999996738 3.865439918353937e-014 1.1099895646636e-060 3.015359215043003e-014 4.546917440567806e-058 1.908188595171428e-059 1.211768411725312e-018 5.072198397761892e-059 1.044027650274792e-013 5.134979571720769e-033
 7.867088194231661e-014 1.09088786606025e-042 1.070730816465768e-013 3.690412522019666e-041 2.567084457923843e-040 2.617799869817389e-030 4.92703444645239e-016 0.9999999999998488 1.349865985713894e-045 2.355955992828318e-024 1.548053902494454e-039 1.976680923408563e-069 8.631740683610352e-050 7.023386349295636e-015 3.31061422016057e-015 6.089773913223534e-015
 4.834116341985225e-062 3.874290953115949e-014 5.545165553898331e-016 2.327371905612176e-014 4.721206857569764e-040 3.501936426248486e-039 1.700028096962626e-043 2.802741507347235e-041 0.9999999999998275 2.833692103927431e-018 1.899243672466527e-040 6.828370520210767e-014 1.711064586856301e-042 4.318648476226417e-014 5.510300767372849e-014 2.114119718879421e-043
 1.142475744315937e-039 1.928789895309927e-040 6.505516693688893e-041 1.845245889754172e-040 1.1414359136958e-038 4.620211827545556e-061 1.151761917137323e-013 2.297109104073659e-022 1.362419480735273e-013 0.9999999999997029 9.221326916210013e-040 8.751643445085018e-036 2.730620369463847e-014 1.204195511538138e-016 7.595085179821349e-016 1.139444196957735e-013
 5.78997117079257e-014 1.407203044725687e-013 1.947396040619204e-057 7.949929412030075e-063 8.874121507316265e-042 5.450727719460106e-015 3.490652596818917e-067 2.775961764814082e-059 4.867915768851267e-070 7.553940944511607e-068 0.9999999999997371 2.292341412376104e-019 1.393810240998358e-014 5.380618031185853e-040 2.553636847441749e-094 6.156734831456518e-014
 1.444824340653651e-044 5.077308615814504e-014 5.761280584992303e-042 5.247143148439366e-014 1.466050610080607e-016 6.028111881776247e-022 1.007451874091464e-046 2.747105278817197e-073 2.127632624921268e-015 4.652462048920947e-044 8.573484102547713e-019 0.9999999999998632 5.754543200868182e-014 2.393278910093616e-047 1.739089443646375e-045 1.604036184016506e-049
 1.957446430771199e-014 1.039134200261464e-037 5.464275062658216e-060 1.188469843265326e-039 2.648872599455432e-014 2.91857524518293e-037 3.127813960238083e-014 3.990780096838279e-044 1.036772838356465e-043 6.613738614750634e-015 3.012892221157255e-014 7.130829028581407e-014 0.9999999999998341 1.481096146060319e-044 6.700663065323274e-045 3.527583178900464e-014
 8.150132287041537e-053 1.572651154681375e-013 7.182462960946325e-014 8.637514517307778e-059 8.045679483373208e-082 6.306141546032667e-046 9.83752764658078e-067 3.56386232197263e-014 5.258325522814188e-018 3.328666951311922e-028 3.471240870600805e-030 7.877122298897689e-059 3.093675559696224e-067 0.9999999999997196 2.297441672027235e-040 8.683674245758145e-014
 3.914932550674063e-054 1.792302515847495e-057 5.850690384159211e-014 1.56475234787499e-013 2.963649082086999e-033 2.224721979942414e-049 8.548892752155952e-014 5.211437360423443e-014 2.163703828758542e-014 1.012257495087958e-020 1.925844031963297e-080 9.355926219569653e-058 1.558332321878577e-065 3.81911547506635e-036 0.9999999999997016 7.141624766975586e-061
 4.429794287985971e-014 1.597923398803169e-038 1.04923507451264e-052 4.685234237096767e-078 2.711559916550364e-057 6.496105414763571e-051 4.370998042792495e-033 6.339787517611704e-014 4.099450024484195e-060 3.517142067865009e-014 1.71987081737694e-013 3.470070303433236e-059 1.684654904229817e-016 8.504661458642857e-014 4.072450928944522e-058 0.999999999999678


