# Created by Octave 4.2.1, Sun Apr 22 08:37:15 2018 GMT <unknown@unknown>
# name: i
# type: scalar
3483


# name: t
# type: scalar
38.26067399978638


# name: a2
# type: matrix
# rows: 4
# columns: 16
 0.8712798623153295 0.9999265514325936 0.0001093556127877014 0.005363871754124668 0.0001187638831163277 0.9219837032521643 0.9699414463238498 0.0009191718825697277 0.0003504389501609799 0.0005884896562703451 0.9995216173318401 0.9950902710873545 0.9612377064190291 0.9995440631497655 0.0006078062197960748 4.568471083372363e-005
 0.3740920002306911 0.9999362517747332 0.0001259914350885863 0.07506308298674451 0.9612717685274863 3.829294813080078e-005 0.9999324266811319 0.784620368739227 0.9987584629372362 8.974527340501055e-005 0.9761699845253797 0.5463250815893768 0.0001321006374950523 0.00013509661515564 0.004947142906489547 0.9996548982621917
 0.01000756620292172 0.9998974237527375 0.9997430200064131 0.03402103409224067 0.9993822619506186 0.0003575293628294578 0.0001191966466432902 0.006198027485437887 0.0001612573032549634 0.001116600765497166 0.9994131005950868 7.969790112607718e-005 0.9993045712541401 0.9988415599903921 0.9467603621544919 0.9998204554901082
 3.169603692398082e-005 0.9999060476351542 0.9204608213366127 0.9651567024416944 0.0005369327112358887 0.5041695632493641 0.3988069395321954 9.101621742400324e-005 0.865622164662515 0.1050714711926412 4.905612857541565e-005 0.9999272875376763 0.05913381968941323 0.9998203841658593 0.0002183655679832228 0.9997606205670616


# name: a4
# type: matrix
# rows: 16
# columns: 16
 0.9999999999996625 1.617920979640007e-076 2.731675655554841e-090 1.977819907777025e-066 4.125976029312909e-043 1.125245470517842e-013 8.46862497842074e-014 5.220784108880996e-014 9.189991162384187e-067 4.108657464781727e-014 4.226099262057567e-017 2.711301073926699e-045 3.726553049136541e-014 7.19359622963847e-069 2.553621419288334e-034 1.298417302714505e-102
 2.181289529907504e-045 0.9999999999995899 8.854652975493267e-041 9.666777057735069e-051 5.654903565454894e-039 2.303649183637098e-041 2.172986324389731e-017 6.591023526435739e-057 2.416131803102273e-030 2.64000137290983e-074 1.749844242133606e-013 1.621729903640707e-013 9.477987648311338e-038 1.015884607208685e-013 6.192871834815937e-064 1.733957244672933e-013
 2.499416557958699e-072 3.038625821727557e-042 0.9999999999998033 1.053290986354971e-013 3.366518824544202e-039 2.898857326846586e-050 1.405698053005252e-082 1.534231590306018e-059 4.393332323526994e-043 8.732654579702949e-035 1.00988083078033e-067 9.027601343628893e-055 1.427879597186972e-037 4.640592926631786e-014 1.383725230742654e-013 3.881294942294244e-014
 1.171361665333807e-041 1.35124424616276e-053 6.313031861280988e-014 0.999999999999845 1.362567403090184e-069 1.163449845452148e-015 8.497261060393533e-046 8.986324443905087e-038 4.316359588319051e-014 7.518744265379098e-014 1.671582978371975e-086 2.465026662245409e-014 1.09885094981598e-058 9.485967413648951e-028 1.789300907559369e-043 4.492516332600241e-037
 2.188344181397405e-047 1.36237918786188e-040 1.150233696236065e-037 9.037047854283116e-058 0.9999999999998102 3.151946862879579e-072 6.454694465608138e-045 7.870716315121357e-014 6.802540205818971e-032 5.765237861348725e-037 4.205481763322363e-014 1.498613736248167e-073 8.258575337270262e-040 2.480510163299783e-066 9.545172747377734e-014 4.33849441115415e-014
 1.182475102449186e-013 6.385591657530779e-070 3.766096161179174e-040 3.149534854353198e-014 3.738633956190084e-099 0.9999999999996734 1.957835241577345e-043 1.015012556800003e-058 1.864956411533475e-065 3.62170292354026e-014 2.027717225592402e-074 5.773606820922477e-014 1.438081460094225e-020 4.328326139578898e-014 3.840026520774096e-044 1.739762885124591e-095
 1.764313710862854e-013 9.262769742287253e-024 1.54697368018467e-087 6.473900888055537e-056 4.424846661302155e-036 1.083052300225424e-033 0.9999999999996809 3.757712237389108e-014 6.035924144199259e-014 4.1649356768027e-049 4.101593692060028e-014 9.384719318203149e-014 7.859314757559534e-058 4.875463567042179e-067 6.396521786624807e-076 4.272674897260871e-045
 1.773542379398183e-015 2.024120438265359e-068 3.896145963739533e-075 8.955952578450225e-045 4.966883924830675e-014 2.52770988612239e-045 2.238331434505322e-014 0.9999999999997806 3.689255396099457e-014 1.072793515012517e-013 8.606262976519979e-032 6.863916168290059e-050 1.631482772589572e-060 2.926100000189745e-096 4.625016022969743e-039 3.227680982399472e-050
 2.609729942164683e-040 9.376551549428919e-031 5.530803810005014e-045 8.770915489601827e-014 1.778969920253471e-037 1.55338527798555e-040 1.502265439410854e-014 9.763180735391242e-014 0.9999999999998006 4.266749751932392e-034 1.045943477224273e-053 8.738007628228603e-015 3.520261509839461e-080 7.662609189990876e-060 8.130548421389052e-064 4.204052120051415e-014
 1.324747278952383e-014 3.520228034415519e-095 3.428575394430963e-039 5.956149116006299e-014 2.314389634616424e-050 1.293089157182314e-014 5.638616985296148e-049 6.142788395327593e-014 9.564193723837976e-044 0.9999999999997877 1.329151760134657e-068 1.96314706103728e-048 4.446460579996178e-034 6.447431899931671e-059 3.996318015248346e-014 1.923170535500926e-077
 6.912763608417604e-019 3.454999021219973e-017 2.156526540059739e-063 5.955756135923938e-076 1.212882477981421e-013 1.952562224337713e-041 1.035837570681369e-013 3.091869004523276e-031 5.675170408090845e-052 8.766954062738035e-053 0.9999999999997473 1.651581684824861e-041 1.099456742376774e-013 1.320275783858569e-040 1.027311346172399e-036 2.360746244845558e-042
 9.76311801744701e-036 3.883327385759746e-014 1.070477996449002e-042 8.698015716726886e-014 8.339279728195371e-080 1.648569356377266e-013 1.129185916255768e-013 4.441954842491495e-053 3.535482577832394e-014 5.120952243872515e-051 3.960132641674716e-058 0.9999999999996452 1.071801402180609e-059 1.543822164705423e-017 1.249940151825992e-081 8.42728160708874e-036
 5.149468645292935e-014 1.178444841471479e-043 2.811007354201101e-039 2.218441993854249e-056 1.86754360238238e-041 4.252946268036679e-016 1.824702806226853e-041 2.66182859941862e-050 1.363176451739987e-081 4.403612582905736e-030 2.745005406442971e-014 1.553378172457643e-044 0.9999999999997944 5.70003133984327e-014 9.143549259380566e-014 2.978702790933235e-071
 1.646687849673081e-038 1.136121508811592e-014 1.283464655804172e-013 3.235723430182934e-025 2.106630665002406e-063 3.273977690228565e-014 1.788881655423134e-042 6.600870334115436e-070 6.398107193157568e-053 2.497986039844919e-046 2.355122238933038e-040 5.349261140389373e-014 1.012386862845605e-013 0.9999999999997728 1.537504468235482e-038 3.886399334718468e-038
 1.495082222642751e-044 4.979946367778101e-072 3.420719653288977e-014 3.330678487093198e-041 4.614814889053634e-014 1.356555613608623e-050 2.362906439929139e-077 4.67532170872264e-033 2.384339561759254e-065 7.350428927559004e-014 2.789448338057454e-041 4.084306099528628e-083 4.41700235353197e-014 2.075954854745427e-043 0.9999999999998319 3.372929187784328e-045
 8.325192135048262e-072 4.16815371604208e-014 1.534970008931273e-013 3.885331834711372e-032 1.123172470569163e-013 1.079129318517263e-069 3.723493679315371e-050 9.405828541197492e-040 1.315645038174307e-013 1.286997109765719e-055 3.208533709300691e-039 1.202028032557691e-046 1.352872579564822e-059 1.712729218702521e-037 3.268153089960161e-037 0.9999999999996849


