# Created by Octave 4.2.1, Sun Apr 22 09:05:07 2018 GMT <unknown@unknown>
# name: i
# type: scalar
18059


# name: t
# type: scalar
173.2747330665588


# name: a2
# type: matrix
# rows: 3
# columns: 16
 2.537161491701862e-005 0.8664145724562621 0.9999894537731785 0.0001724531640910627 0.9999604933294427 6.100378981129349e-005 0.9998140191718899 0.4256678711787941 0.6889838446464921 0.3283050924911154 0.3363664668882093 9.536630150159495e-006 0.2211607989928395 0.3029811590454586 0.8084687989447742 0.6124300631707676
 0.9999536282713686 0.1567759570259874 0.3004399218238861 0.7209344426475796 0.6787141766354194 0.4917044640122006 0.9999873302128415 0.9999858085654466 1.213664043892509e-005 0.9999802057347466 1.020568268844361e-005 0.206949482651366 0.03695743513367433 0.3138198869999284 0.7339302395729852 0.2077151455977579
 0.3410576464951084 0.8478488610383108 0.2804139098201625 0.8089045797831836 0.9999566468691818 0.0001870509518050827 0.4484548492353565 0.995584496138828 0.3369062252211176 3.026859312104712e-005 0.6699195023599216 0.5649076446578029 0.2003874131387944 0.9999880750183183 2.737409599468155e-005 7.692250042087091e-006


# name: a4
# type: matrix
# rows: 16
# columns: 16
 0.9999999999615916 5.089858350749271e-110 4.539135108220734e-105 1.744964887227464e-011 1.348604467455466e-095 6.343480847928416e-012 4.899527939133338e-071 2.547762555068812e-033 7.213737223013675e-097 1.787675494573018e-011 1.160140282788886e-073 9.343424441576688e-035 6.018661634688098e-056 2.260954751221925e-059 2.337310990935465e-063 3.269466792070893e-075
 1.175178084316868e-106 0.9999999999574325 4.67005909694168e-020 7.089652328860601e-067 1.834258734211721e-011 2.671782373347173e-089 7.38483445486568e-058 9.079922963941155e-058 1.598732266400899e-011 5.189178036663621e-108 1.31789267246723e-011 1.110903650463234e-044 9.538953882553435e-041 2.907510814578217e-018 1.244323746284273e-069 5.806224001485321e-044
 3.4182916956464e-097 4.997193146384906e-012 0.9999999999532736 2.779195257133629e-101 2.652865367621173e-017 4.734349127603985e-076 2.76731854009074e-012 1.206612516396378e-075 2.658504580906655e-011 2.734981126416097e-060 3.832053614969408e-050 2.461110972194075e-082 6.610152857112271e-050 5.525136309605362e-069 1.733490416668434e-011 3.216747889674112e-015
 1.648960323854931e-011 7.226072397751816e-070 9.591798293287171e-110 0.9999999999541207 8.811664624834651e-065 6.885061093118503e-038 8.455723994649729e-090 9.768938840466269e-012 3.878994262781162e-085 1.123601818503685e-057 2.332944589839993e-037 1.427821318214672e-011 1.264932110153401e-052 9.2494890733437e-012 3.473107419752369e-102 8.256925964121131e-094
 1.37857181630268e-061 2.696788456989186e-011 6.369162531555972e-030 1.166309112211785e-043 0.9999999999546534 3.36920392073524e-085 1.254331613833542e-011 1.305447100553421e-011 1.10996840975334e-045 6.315692164672326e-063 8.202404854372288e-046 8.487402345671026e-063 1.40962984475013e-072 4.307587567859307e-027 2.596228544769837e-045 6.360791735660105e-062
 6.467479915799475e-012 7.754114010701182e-086 9.499192638193031e-063 1.790217385843408e-036 6.305328293693686e-105 0.9999999999744815 6.151108259085753e-076 4.16557631963968e-073 3.370773095680922e-046 5.803063667770738e-012 2.717189699814598e-044 4.76996262340662e-020 1.232762985328238e-011 1.798345448968375e-062 2.233513297423084e-038 4.096303771000278e-024
 1.1375489956185e-024 6.949745573998748e-047 1.237878921909052e-031 4.95093850827058e-043 1.556240316593589e-011 6.782671803882404e-054 0.9999999999583262 3.24840399299907e-012 1.281025111823624e-060 4.583564443076055e-012 4.869066868898248e-074 5.974973404563227e-073 3.6778653286561e-074 1.411220863946782e-057 2.492226189346012e-011 1.208006708826302e-049
 6.993559493528587e-012 7.785084797842067e-047 2.024260878736856e-059 2.240726364705084e-011 1.575805101435262e-011 9.053836219460753e-054 1.431028384694589e-012 0.9999999999599583 1.647844916318093e-073 1.310046209786829e-025 5.872644003106423e-060 4.024916484733678e-050 3.987180776177922e-074 1.188649389876367e-029 2.572767645563523e-043 3.943589761375536e-073
 1.991959295512521e-136 1.474777575959465e-011 1.1835149383187e-011 5.968240209271469e-113 4.202692051029113e-070 3.317336511021385e-070 6.991278749901146e-097 1.438855836665455e-131 0.999999999934222 4.825953818272366e-116 8.673634548734243e-012 5.692171874663381e-048 1.113070517314865e-011 2.032624901310221e-056 7.020555132186042e-065 1.980534389658604e-011
 1.722538659183862e-011 1.244980499399485e-107 1.355679864051847e-058 5.492689682060581e-062 4.416938046223099e-094 7.252234823892149e-012 5.907081072586928e-035 3.194139969318904e-068 6.881764859654961e-074 0.9999999999622744 4.341285379520509e-094 4.263018165670037e-070 2.350924421453365e-054 1.564996706201941e-102 1.649574417902792e-011 5.227995596136303e-036
 1.041613182219254e-110 9.98509437295593e-012 1.949214104683747e-054 1.49930208601861e-059 2.658438121689907e-067 2.646322414588278e-067 9.645862999207194e-127 3.937503033390239e-092 1.239277538862091e-011 1.118774996541143e-131 0.9999999999403253 1.895944046242249e-011 6.377760305999876e-012 1.259299686635719e-011 2.318020469557892e-111 1.131156325611055e-047
 6.098214002397076e-035 6.778773282590346e-069 5.152401116144881e-101 2.072624081079733e-011 1.895642794132832e-105 2.821076062321323e-016 8.330188037576742e-133 3.019963312545e-064 1.274259332193691e-053 1.02636743078082e-074 1.414321468010954e-011 0.9999999999446765 1.931930857533741e-011 2.469931492624914e-017 2.285149805089903e-109 2.941722634191508e-063
 1.405126747064685e-069 5.660484592884026e-054 3.671510624641127e-047 6.509395697972632e-066 3.372303817694757e-110 1.003100468743753e-011 7.165108830637694e-114 1.513641806044119e-114 1.105889940718606e-011 5.50509503975122e-068 5.731593560221164e-012 1.01959586827935e-011 0.9999999999526306 1.707776775844844e-051 2.064500066248603e-064 7.270015064261074e-012
 6.734242351561737e-060 8.056120485979394e-012 3.522368189559194e-068 1.746754932557667e-011 9.65574112172158e-016 9.192367747374241e-076 1.323706022025723e-072 3.290527593249313e-012 3.439560927351905e-048 6.856953402835904e-097 2.324443470630853e-011 9.714467784056937e-019 8.909178665808758e-051 0.9999999999532323 3.116064851966616e-100 1.500387722381414e-081
 1.072403551831316e-057 6.879940598938206e-069 1.014998879413297e-011 5.734148006089407e-102 7.938822617566812e-064 1.573332675440738e-039 8.669370837462003e-012 1.405269109343035e-088 2.124934729294467e-039 1.873377790250917e-011 2.602104051132719e-086 5.975191200009595e-092 5.29447922807108e-053 2.905150309463324e-109 0.9999999999523015 1.417808753946044e-011
 5.133853277243102e-078 2.989071162141977e-065 4.44977832252219e-013 1.94166144094495e-110 1.507461209723854e-102 1.713620541455086e-019 5.930595784701753e-064 4.939146760364113e-132 1.403617600472566e-011 2.593193277820915e-036 4.290178761532586e-053 3.470059896865364e-061 1.804931412427236e-011 7.720278806858203e-102 1.998047611274429e-011 0.9999999999471985


