# Created by Octave 4.2.1, Mon Apr 23 15:12:22 2018 GMT <unknown@unknown>
# name: initial_Theta2
# type: matrix
# rows: 16
# columns: 4
 0.09462470394863409 -0.02982232307407506 -0.004383604425096249 -0.04296328564427007
 0.02537912810697351 -0.009201491566537073 -0.0009798639333433445 0.05210821486086414
 -0.03142615858341137 0.07653899359030991 -0.1119717673751783 -0.06898381531769243
 -0.01190792504462777 -0.0124297933124187 -0.08636432798448571 -0.05883595698058981
 -0.05407660308093575 0.04716583959520074 0.0288406217943814 0.09091567568090067
 -0.05839671481114846 -0.04132288620968314 -0.0615181634036749 0.07682612814632647
 0.01119578510265862 -0.009002800233752592 0.004755516894816653 -0.09854897630694964
 -0.03785836635289715 0.04919789127238366 -0.01665782002114176 0.05362836006719005
 -0.1025395131679912 -0.02432724078663247 -0.04564798372551895 0.01539044312696353
 -0.05395839407792682 0.03842278930555326 -0.09133085782811536 -0.07888140868540679
 0.06169945331003998 0.105972627057997 -0.04394430334152792 0.06284636758102197
 -0.03225921857591779 0.1014351607687753 0.001791512073274215 0.0806870550416719
 -0.06260723256202941 0.0942988820226448 -0.04835243195733981 -0.04751769399256263
 -0.01037246582230285 0.07027714052465364 -0.01926415557626086 -0.03220936717968294
 0.06349307661482542 -0.09753859940078241 0.03839906243871394 -0.04192421163661376
 0.05632226283630462 0.04892023099610679 -0.02821493805465428 -0.002692778126947737


