# Created by Octave 4.2.1, Mon Apr 23 15:12:22 2018 GMT <unknown@unknown>
# name: initial_Theta1
# type: matrix
# rows: 3
# columns: 17
 0.08618290063008591 0.01948100360974619 0.05961804724866002 0.005060776085241914 -0.02334991112390569 0.09789852695647269 -0.01342066447080675 -0.06957480357506479 0.07884711993938623 0.1087282355231386 -0.03636371880690392 0.09799986365408256 0.09386546830226147 -0.0319362935204498 0.04261256492222276 -0.05242860939616155 0.05885926633206121
 -0.07402769908747783 0.07250165415081472 -0.07159114280135485 -0.07768092352749902 -0.1189435503212653 -0.001794086772795397 0.09150673813631877 0.07467448580117003 -0.04281372331086458 0.06714769274970869 0.07433332591957609 0.06673074962590231 -0.005690624547050493 -0.09230681476839367 0.05361440133245302 -0.04783133883274662 0.1125384718331522
 -0.1025342345654835 0.08688780358803258 -0.07645993205133467 -0.02833587188954749 0.02415309952779107 0.05645603071913519 -0.01723603442566793 0.06517406528139755 0.06674591387257858 -0.02115045730200284 -0.01975623098566957 0.06341556499537684 -0.006578036693559566 -0.1069671485587934 -0.01022639253646337 -0.1124418100098542 0.06763024323615585


