# Created by Octave 4.2.1, Sun Apr 22 07:03:19 2018 GMT <unknown@unknown>
# name: initial_Theta4
# type: matrix
# rows: 16
# columns: 9
 0.0373898090744211 -0.08131804022108134 -0.09407140902750841 0.006652312197806154 0.03827958236010781 -0.06182088050726872 0.1044237394700338 -0.03826180963410308 -0.07716621266037733
 0.05218300474939458 -0.09377712310375802 0.0263837757323559 0.05615473428785719 -0.07197855781071574 -0.0311649250992667 -0.03766812527814377 -0.08196671071289438 -0.06807208306403603
 -0.0974689350256826 0.08842704290531514 0.04171834098578897 -0.00572349164158216 0.09681055125260657 -0.0244878480401019 -0.09046830598667666 0.007773326181342577 0.1152974998111719
 -0.08193702766805816 0.05849765380959854 0.09383355690060094 0.02524191931801892 0.02165003214581873 -0.05123508817701242 0.009326731412524603 0.1079592006546365 -0.03028468132683863
 0.03102724021261827 0.08589189348064916 -0.0109453870601926 -0.09025421078077979 -0.04985410711734187 0.003328271728170476 -0.01152095765230138 0.03209352570831125 0.007125192596746932
 -0.1067414379780722 -0.1125274478378992 -0.004758258811779131 -0.1176547588150862 0.09842168427033504 0.0613012017208886 -0.03082887274459334 -0.04763433071238729 -0.03166320437393109
 0.09660983768613168 0.0170756351606198 -0.06815005144088868 -0.006584751426118529 0.1103155323703958 -0.1049756149343925 -0.09824481042175193 0.08484635297987825 0.1040519371001908
 0.03235096688684977 0.03320687383187185 0.01157736272863771 0.06443430695073518 -0.04725439718768844 -0.06180409238118219 -0.05381121536883175 0.01844692955786931 -0.09595357963111353
 -0.1028897278326222 0.02610931438253805 0.06244807781417727 0.1070951942785441 -0.1045303218570223 0.1190059395004586 0.1068770465684169 0.07410321106083104 0.0795150609082291
 0.09301691470800891 -0.0274272299595288 -0.0001175165955143997 -0.07586030925002452 -0.03758283089323801 0.09615903267735673 -0.09173071878975594 -0.118472419024673 0.04045155035465334
 -0.03648145838510136 -0.1028870964647973 0.0794910110226833 -0.1126715368821629 -0.08245746490191896 -0.07489978266059499 -0.05111305255446021 -0.075699095427741 -0.1012475111962577
 0.05906847903928442 0.1038480253052508 -0.1196919234048164 -0.005938067092062321 0.04138609587343667 0.0165448924071791 -0.08948118505282496 0.07522773801087451 0.0774014292149261
 0.05875690944933248 0.04025250397782773 -0.1031446805306037 -0.02029741588222005 0.01171704454844968 0.0359812582360382 0.07500520354194262 0.01311246934531934 -0.1048556368112734
 0.0566331500950254 0.0789232712509961 -0.01889333988883117 0.1066391724930339 0.07248213807370329 0.1122849189948764 0.1007326771084103 -0.07417006045967034 -0.09937464725674866
 0.09104937989609729 0.1004046272438071 0.1145761235001533 -0.0583912037746747 -0.02955309849956601 0.05128770372918656 0.1135103306891532 -0.06260658844435604 0.07701829455753043
 0.04950370075550714 -0.04877195401580658 -0.0447320978640225 -0.07913475983182991 0.0689027728787282 0.07501078743684128 -0.09901964264135794 0.08680480605520979 0.05165082209918093


