# Created by Octave 4.2.1, Sat Apr 21 21:30:10 2018 GMT <unknown@unknown>
# name: initial_Theta2
# type: matrix
# rows: 4
# columns: 9
 -0.05069699251727354 0.09192640865849167 -0.1091505874287787 0.001097171503131419 0.08219442009757469 -0.08680444093110359 0.009246561906776529 -0.0213354503182708 0.01483877766384487
 -0.0432026279157518 -0.0142509128486762 -0.1024387819194259 -0.009100291591835258 -0.01790970440946432 0.02768221487202849 0.02791745136770565 0.04283733199089818 0.00721416161149091
 -0.1160812413940877 -0.09407619488684095 0.1138538450112697 -0.04202430089694191 0.0653247783304417 -0.00149723099983376 -0.03034011593970419 0.05147364596300416 0.01376193781019849
 -0.0507070146226595 0.06359407824568458 0.1011041170348926 -0.06038952412365706 -0.06807452838373723 0.02460851764926289 -0.09037950815810422 -0.08348915926035483 -0.04046756101910423


