# Created by Octave 4.2.1, Sun Apr 22 07:31:13 2018 GMT <unknown@unknown>
# name: initial_Theta2
# type: matrix
# rows: 4
# columns: 9
 -0.02093304339134175 0.0914953893753816 -0.09996626800618742 0.05373491461893184 0.04348585468604521 -0.06086801447490071 -0.08160607908696305 -0.05713786226335327 0.1128222643619697
 0.1110452184080822 -0.1043892912998656 -0.07251148633931954 -0.0667581045417418 -0.06383830782858999 0.08564515860194458 -0.0564260304384589 -0.02596619275466236 -0.09510838037199733
 0.1091296200187394 -0.1150090845728971 -0.0901524842491682 -0.05534107560377365 0.09918049358447151 0.05759878398136242 -0.09420274730360112 0.0518577373226666 -0.1149395038840613
 -0.1039991660773235 -0.08054444494402824 0.004686213282342144 0.005551457858762432 -0.07555447338346974 0.07789384687226569 -0.06417501089071635 -0.02637580315618751 -0.02110981675887279


