# Created by Octave 4.2.1, Sat Apr 21 21:30:10 2018 GMT <unknown@unknown>
# name: initial_Theta3
# type: matrix
# rows: 8
# columns: 5
 0.03350192125412113 -0.02454744618393816 -0.03100506653676945 0.04120719183294547 -0.03919577833621554
 -0.07177759603225409 0.0352617423140266 -0.1140782219995057 0.08080880976012217 0.0655001674226901
 0.09101608906560804 0.08830993895173361 -0.09504856830154496 0.06273821123634379 -0.03245724533315908
 -0.08239311823983336 -0.001460527768849362 -0.1127865567145365 0.09039518804201485 0.04336086650181875
 -0.01996118047195147 -0.0670205959434711 0.03990414082387272 -0.06408431743630955 -0.001010409314804048
 -0.04419034236228965 -0.02075623462237738 0.01918382195380613 0.06801888797785788 -0.1137220631062171
 0.01106790343605693 0.05912683076095959 0.08036454809747917 0.05477010463853921 0.1002608751521238
 -0.09591076051475361 0.0699573153461322 -0.1141625579397316 -0.09587485162300734 0.1153873456425323


