# Created by Octave 4.2.1, Sat Apr 21 22:53:57 2018 GMT <unknown@unknown>
# name: initial_Theta4
# type: matrix
# rows: 16
# columns: 9
 0.003672062947759319 -0.04323247001980041 -0.02450789803817731 0.07641668180119174 0.0335801904248077 0.04178541846080044 0.09139322417001736 -0.1125888481251724 0.0986689804397439
 0.07585134143437411 0.0857010425761415 0.05603629357001028 0.0994218170592841 -0.0499146676559927 -0.04966373033999509 -0.0704651911406908 0.005218309575539926 -0.1169716715441443
 -0.03063794977669514 0.08890185327953981 -0.03440189972325093 0.05117521225891578 -0.02426156460280338 -0.0774738487701909 0.1012616652906256 -0.08203115675938144 -0.1020313099949337
 0.08279795415270164 0.1068017152057931 0.1035228784877565 0.1123502380971135 0.0994340060869208 0.05365376859752202 -0.1199600947393243 0.06079135973239269 -0.01880716245731597
 -0.005334856307325664 -0.08611004796234119 0.03346242659750956 -0.08956515651251663 -0.0810642957137941 0.04126845912757487 0.0329937080244759 0.06564605605029297 0.00558181618384318
 -0.09743819566446818 -0.04734280629277363 -0.007894059637285331 0.01782769497619976 0.1140135505064323 0.03919712379595913 0.08011310858936657 -0.1132036081112349 -0.04811910127844178
 -0.1170670751236942 0.07638168451370184 -0.01971934060127316 0.02766760700401427 0.03221473490846849 -0.03252427222827085 0.05063010958590566 -0.008004948349454491 -0.03152754237401521
 0.1109917396562955 0.06065615345820166 -0.08830695213096021 0.08789651770562831 0.01150313294776215 -0.01104077025461742 -0.09410541220120397 -0.04053519541652295 0.09348535134482364
 0.1042251610717814 0.02686295315188963 -0.09882406841276785 -0.05720876454944207 -0.08642341864546002 0.09353796169112216 0.01563020761092168 0.01342644926384612 -0.05580878424306515
 0.1133835672890079 -0.01496101200666396 -0.08492474413545255 -0.009710176224982367 0.01870886104037753 -0.03671061629219097 -0.06103230621038686 -0.1008727748133477 -0.06693563693933942
 0.06353248577903822 0.09254293664778679 -0.0475126848208318 -0.07157081357208345 0.07711071522710874 0.1128301404398586 0.04865534126853083 0.01156486418552977 -0.09337746698539205
 -0.03604278379082498 -0.09110575016652916 0.03406000634411052 -0.05909259679345863 -0.02325834105336741 -0.05066973079595895 -0.009278572975555385 0.1119580220514981 0.1199667069547698
 0.02851003909320265 -0.05542306488255866 -0.07106785433281373 -0.06481837542503954 0.009300200868345793 -0.05054858285106197 -0.1103030995760251 0.1140903857103491 0.08897798043780919
 0.1013294296780515 -0.03169839904230677 -0.09815342660007292 -0.01719640116410802 -0.0970737607913874 -0.1141184760889266 0.1125684512490193 0.01694847822486056 0.002702193986484622
 0.08983709794926226 -0.02685753174697471 -0.09487289446806829 0.03587409633257779 0.0975440789634387 -0.07993097221627342 0.06603443221182981 0.002937336348999162 0.1191789569582966
 -0.06672643175106702 -0.01885861266897475 0.02014006839134155 -0.07424247998043361 0.01797361704166361 -0.004169291829445587 0.02014759605471955 0.01468340284394951 -0.08488123773475841


