# Created by Octave 4.2.1, Sun Apr 22 07:31:13 2018 GMT <unknown@unknown>
# name: initial_Theta1
# type: matrix
# rows: 8
# columns: 17
 -0.07185412329066002 0.05040727392564806 0.02242508769213328 0.08047338912763741 0.1090719443430044 0.04152071365712751 0.06577077801755807 -0.08050597549653994 -0.01327943012357906 0.06138962445522184 -0.0987435515306147 0.08287891047478591 -0.05514237636904593 -0.06253790821317098 0.06791589541341228 -0.02379283904819823 -0.03268047876869926
 -0.06736083501858439 0.05658786894183934 0.06683630177579641 -0.1151834761118045 0.06344247606242223 -0.011742998845533 0.01971011174706183 -0.09853854256635472 0.01263326064179993 0.07957145894119896 0.08901710237516858 0.008106214541468981 0.06360040700669223 0.005006764371485478 -0.1177414201639482 0.111395280172653 -0.01446023829844519
 0.1000595241646694 -0.01865821240428835 -0.01508689223737017 -0.06641714972978568 0.07066104302875645 -0.03482725136027634 0.05472821094926497 -0.1168827522865536 -0.01396616809644254 0.08090904320653833 -0.01315293531315048 -0.0982468291933888 -0.09529855916222543 -0.007336133013312748 0.07115075040059987 -0.07268190762388677 0.0540893549643989
 0.03931933336234117 0.0525677568335263 0.1093301797973281 0.0891717551674969 -0.01944038687197448 -0.03338476742402216 0.05759134983349617 -0.02243632279645226 0.03764879140122893 -0.09612982624547205 -0.03534047704133447 -0.09083738758441359 0.007590939417627923 -0.0485532770625558 -0.08534361947456118 0.0821232331094677 -0.07361063371044169
 -0.09015712380877886 -0.006821381067714863 -0.1174333335254877 -0.0791946675770572 0.04076565252217124 0.01208773531929158 -0.04471899165706708 -0.1171353286608576 0.04604908269749583 -0.05279036087948565 -0.1156626646875307 -0.1095986920738262 0.04854235268583967 0.07251282639202053 -0.0985045910683848 -0.03009342293063762 -0.08195776423147788
 -0.0455695962334024 -0.03080253079883054 -0.02478880421723723 -0.03256207090558118 0.07272428526024571 0.08457423910503861 -0.05076300818067518 -0.03928557312605521 0.113239959683337 -0.06602730077935012 0.02984327539119772 -0.07826715470094286 0.05013478620408293 -0.02886100258185066 -0.0008040726183787816 0.07416941800634502 -0.06012239580021866
 -0.09297871858900678 -0.1071360102268282 -0.0888680416027935 -0.03251714256298371 -0.03449989709718455 -0.1155585285308556 0.1137255650925725 0.04235784022896824 -0.06066387481061729 0.04578031762705803 0.04406795382987064 0.1086152712970323 0.002086713853018049 -0.1010909352087175 -0.05433602797181869 -0.113169902507968 0.03511845125944982
 -0.1094533006786667 -0.1170319610844618 0.08475502907516647 0.03045147697130893 0.04255539044160853 0.04147386120285301 0.06786102915416561 -0.06202396245027252 0.1096934055609191 0.08325637229871344 -0.1143451009480739 -0.04073527466890482 -0.0951023574445032 0.1184757173661293 -0.06259979236162824 0.03745523879121404 0.04955093419207035


