# Created by Octave 4.2.1, Sun Apr 22 07:19:03 2018 GMT <unknown@unknown>
# name: initial_Theta1
# type: matrix
# rows: 8
# columns: 17
 0.1123664518783132 0.03186641458580644 -0.1118301940696539 0.1145730089027854 0.0928733264627786 -0.1072865883734963 0.003705667521445397 0.02861629080593706 0.1076522300223765 -0.05637283214486108 -0.03147742086024523 -0.02475175782621934 0.02600189488818669 -0.0488761947495603 0.08400895157834737 -0.1040990842476871 0.08623111125517588
 0.03035751883235721 -0.04140950414222656 -0.07920479512498277 0.03671491739263796 0.06272648093066599 -0.08948643909582094 0.09198607907700096 0.004919330722845838 -0.06191973100158665 0.04561181323845334 -0.006161180487322088 0.08084836444231905 0.09978089693404293 -0.0538305688051605 0.08358742615581186 -0.1078699696803422 -0.08431919791077805
 -0.09677989333872879 -0.03963469071052475 -0.1083352671849225 0.02307551252876994 0.03009792016997379 -0.05086482754365369 0.06132429510591095 -0.03136588558413626 -0.111672119681052 0.01289161703444566 0.1142922680925953 -0.1089582086680943 -0.103760941866151 -0.09841172475067519 0.003415936301100056 -0.07978238282994908 0.009611577852128406
 -0.02679335878673504 0.045179668109741 -0.10856941442758 0.03245177991711243 -0.09431166325177878 -0.04956700748775612 -0.0475884123701813 -0.01037593513985284 0.09591138791908826 -0.007240582742892812 0.07624153809354367 0.0413600685875081 0.003032484714485681 -0.01765384529354926 0.1115689895972436 -0.02607334919614915 0.1120816275809518
 -0.09875463670743254 -0.1198476876927758 -0.05172480377171187 -0.03265709105643931 0.001766756452371177 -0.02396742101099916 0.1135680222625909 -0.05467913066294389 0.01645953010762743 -0.02666420861971244 -0.07137481362150853 -0.1077727297033226 -0.1002934355045938 0.1040673916701816 0.007548504566807362 -0.06587162494097222 0.113161897642703
 0.07366292016685164 -0.06916905564691919 -0.08356492835208101 -0.04587671195914958 -0.1105508270542239 0.112450566151851 -0.04984481467310171 -0.03654582175824614 -0.03392445008474823 -0.09506167024672602 0.0506347399270452 0.02983040144492358 0.04762885811068079 -0.1047656262397999 0.05028312706239385 0.1144544685702756 0.001161224896969251
 -0.1050623926311529 -0.06815455106228011 -0.09889771763753624 0.08060304242279789 0.1123273606714066 0.05720634407652084 -0.01924517706783141 0.07566718867461969 -0.08407003586614439 0.07666372425992363 -0.04670766001888389 -0.06394675469611982 -0.06218601350490583 0.05786022009436786 0.03252978635294188 -0.01963829357501165 -0.1148981979190709
 -0.01526928360718674 -0.1000050931158823 0.0115610182333139 0.004903020647591627 0.05700492522654443 0.001820101021772672 0.08704654472678103 0.008478592316119249 0.06956405344778596 -0.09436212980546189 0.05662305912125948 0.03205961568462712 0.1170343381385908 0.0658976408243567 -0.1114411339322549 -0.003407989965769131 0.04159470608773175


