# Created by Octave 4.2.1, Sun Apr 22 07:19:03 2018 GMT <unknown@unknown>
# name: initial_Theta3
# type: matrix
# rows: 8
# columns: 5
 -0.02194499676079523 0.03400083118939987 0.04488829804129307 -0.109812126481057 -0.003074633491407228
 -0.06486108055175238 -0.05215657937510067 0.0572120069758302 0.09499135700261499 0.01994564672555665
 -0.112868203840966 0.07159961946473628 0.02416281298234757 -0.03550294020759387 -0.09649371572954421
 -0.07732262446897625 -0.05963362748265987 0.09476601373361204 0.1163783761874539 -0.08083198290437149
 0.08846483686145998 0.004566073631638537 -0.04349850424875265 0.0603629925887435 0.06441377959360883
 0.02154567312396721 -0.1193617727022902 -0.008723235938247711 0.07620988498451378 0.01438928884415305
 0.0580666201928399 -0.09717913788587114 -0.08388294358975659 0.03344192100359644 -0.04270097725105296
 -0.02026207809787724 0.01849324389376311 0.02107621077274235 0.02668309146909625 0.1033650661069866


