# Created by Octave 4.2.1, Sun Apr 22 07:19:04 2018 GMT <unknown@unknown>
# name: initial_Theta4
# type: matrix
# rows: 16
# columns: 9
 0.06913646965226058 0.09357761976267867 0.07558041426776094 0.09700856207199895 -0.04481726546884977 0.03417982388892132 0.07059055608960454 -0.05880623432850159 0.05961794342748877
 0.07033893248278483 0.03780790880323753 0.04690123105387031 -0.04825505447201782 0.0207114359609194 -0.05371511370335698 0.05734760121771382 0.03627047153392862 -0.08839685948920141
 -0.1072807320191339 0.06902440141148941 -0.04765582977792472 -0.06426867435870784 0.0655867688242554 0.1130337664545332 -0.08144513089221656 -0.1104412245199997 -0.02690066705794222
 0.02166333809599327 0.02409649253393964 0.03383354610790276 -0.1159947533669677 0.01877604944197006 -0.09723725250614366 0.05221682052592289 0.005778871568708349 -0.06260566429205833
 -0.1004084587977404 -0.08211575960576281 -0.03174163792169173 0.03448367053182277 0.1074072678560277 0.06891998037897609 -0.08845468515161636 0.01128007699894493 -0.06525313391498329
 0.1008348905068585 0.07511322282158811 0.1075047703492922 0.07678299531431401 -0.09640260754286856 -0.1132379328892341 -0.02895178519801145 0.01576722295876729 0.05787177068594587
 0.02540957220493004 0.04003113038961922 0.01170709772896381 0.009843194255229504 0.01910708703893874 -0.08330414115780579 -0.01455980154429408 0.001024360867895077 -0.05944806037702673
 -0.05169957927289172 0.03394606168430986 -0.001747925283060517 0.03310560693427769 -0.0662098778195457 -0.1184249706156152 -0.0124973379191836 0.1006684924026298 0.07284408240300852
 -0.01751857393497404 -0.06174472341468337 -0.1147913661169379 -0.03947060863485581 0.05177644243206858 0.05655334053858746 -0.09607608711312896 0.06967999659852325 0.102107301531549
 0.01408023827067464 0.06625640510654385 0.0885629026266693 -0.1163978734860723 0.1188902142442005 -0.01998922084505465 0.0629990556349509 0.02879258879297519 -0.03668084894274609
 0.06470286706289263 0.02813985217201251 -0.04323561039971244 0.1090042284875742 0.1042242561262994 0.06176479162104406 0.002612053989703697 -0.01285255626628934 -0.01229720151379983
 -0.03335916722401808 0.05504548042592955 -0.1162567575110163 0.1036829554589097 -0.04790087907140211 0.003313569476557712 0.09259869204553464 0.1153231409414455 -0.02064100508962409
 0.116675310880818 0.03241015241050882 0.03861957475093036 -0.04119168890032857 -0.01309342259607282 0.1018755688625899 -0.02049188854006008 0.1027268250510191 0.1108596373174442
 0.07769052131130158 -0.05473347071039712 0.009659369406436108 -0.01196156532287554 -0.01661411729139103 0.1154800125273315 0.1141864868218238 -0.0708411215083507 0.003192504761754256
 0.03764813879363055 -0.04141698303889134 -0.0735736045032345 -0.08718316656878337 -0.0006870085547645011 0.05988843187037307 -0.02743598374850055 -0.003912378708915087 0.09095386504313616
 -0.01446289179299495 -0.01950280159609079 -0.08405314146419673 0.03962328276932098 -0.02735388198151896 0.1153181120313837 0.1049631830928319 -0.1185375055258444 0.1068142911984764


