# Created by Octave 4.2.1, Sun Apr 22 07:31:13 2018 GMT <unknown@unknown>
# name: initial_Theta4
# type: matrix
# rows: 16
# columns: 9
 -0.118818072378939 0.06432749335470644 -0.09972133344518289 -0.01329300615634652 -0.04368701519285355 -0.09547706165656476 0.01649624211458126 0.01479297806100682 0.07787885542434153
 0.1004668925379253 0.04583958723563564 0.01797709207028561 0.008510743716257846 -0.107781855939819 -0.1009000851336519 -0.03765691393428068 -0.08307534388050473 0.01387472119367081
 0.03410969689528551 0.1138207730139608 0.1169649527923575 0.03847919474008452 0.07665470642013952 0.06355013522912092 -0.02967003069665808 0.009895808465336081 -0.1001699964302888
 -0.03706013340346009 0.07746333040179496 -0.0859050156093315 -0.1072759523115275 -0.07910305671543078 -0.07578514589315424 0.1047733300892936 -0.03960841772501665 0.0161187276048283
 0.1121100194279237 0.04898860435588101 0.00765134136773854 0.06646186297413709 0.1081207129627725 -0.01034606518083996 0.1039564669106083 0.01000877861347807 -0.1046664256598487
 0.02147985582344836 -0.03380874602118508 -0.0665907341430975 -0.1118225452642212 0.09575466384658307 -0.05060150843887749 -0.08929680587341443 -0.02309417814735402 0.03316591633172744
 -0.0728392050621294 -0.07369650818876693 -0.02249375190416697 0.03164858950335314 0.1120175011554879 -0.1050383581299739 -0.05365024854224702 -0.01506141262699032 0.0272700632123998
 -0.05218138144334403 -0.04452459099867444 0.01633687134730533 0.003658601991309268 0.08708691051618536 0.1178522829446806 -0.01848576482312439 -0.09877733778744943 -0.06229671500185266
 -0.05821018005969117 -0.1109626877789157 0.09753172216864028 -0.06204431388142168 -0.0169707040950441 0.008202027260768935 -0.02148414171990434 -0.09495499141997568 0.0739250554405079
 -0.01136624863989769 0.02891804546306562 -0.09979045244116824 0.0912224893679128 -0.08665313901113322 -0.02265987840555053 0.0823390159859328 -0.078727522483479 0.06293703675312379
 0.1129412081788707 -0.06372268412375161 -0.1025191058691154 -0.10367025249274 0.1144504661702481 -0.05631647425748076 0.007964955739617419 -0.1175934026804654 -0.04602636731606992
 0.05778815777376722 0.04977371376622142 -0.09394258068803571 0.09821690263047239 0.09099604794221355 -0.07684063082456044 0.02980429297826293 0.08867142304715656 -0.09251292854537169
 0.03248923732050155 0.08723420055621503 0.0359687893781932 -0.03284731930167527 -0.02706304287394271 -0.06004255544237747 0.08485278390224202 0.01581368707627082 0.08357118981675185
 -0.02228303266589114 0.07926776003555794 0.116382290531273 0.008232446366692125 0.08957617928671222 0.03329660678082519 -0.04691845218439769 -0.006394233994519882 -0.09470612845128298
 -0.1052539410862748 -0.1127188149571968 -0.05439904091042962 -0.05900206945840977 0.1013336016658834 0.09991744356145343 -0.04061687530840864 0.009910393121517119 -0.008292475304115379
 0.02694342326684859 -0.06048835740407725 -0.05641966380614527 -0.02407812423273829 -0.1125802275827121 0.002041529021524338 -0.01795471193604699 -0.06539077012271408 0.1065359203627406


