# Created by Octave 4.2.1, Sat Apr 21 21:30:10 2018 GMT <unknown@unknown>
# name: initial_Theta1
# type: matrix
# rows: 8
# columns: 17
 0.09314037544951403 0.09203433965027974 -0.03183101168838852 0.08245444410389541 -0.1082530834123311 0.01578556119713789 0.03682521693051671 -0.03644369795075481 -0.1017569153578011 0.1173612231502048 0.1153267241181858 0.008985450551021207 0.02643524349205345 0.04989726857652813 -0.1075769753962555 0.07481891437533411 -0.0033767165063468
 0.02261117803307688 -0.005996406054398065 0.07836353972119064 -0.03693571004995434 -0.004936095377703689 0.03377230653826629 -0.05757734740947765 -0.08393918986414585 0.04473340562691897 -0.1067623185059069 0.02989816581341181 0.1190961502660932 -0.004893447001092871 0.118673632849717 -0.0668066169898158 -0.04564221456674028 0.06841059191036611
 -0.005743203383342985 -0.07165616455034277 0.09259661864590535 0.03407826019324103 -0.1157777579281446 0.009483417090397461 0.03265613811386306 0.07366082131351462 0.1013004219018826 0.08807664845357532 -0.09106090119709312 -0.06590040062203673 -0.002001299836881951 0.02663255410425214 -0.06816263111102708 0.1048194228991768 0.01957488669666113
 -0.01794709879614194 -0.1112422016530946 0.1109212307316337 -0.08923973538630074 -0.02504952779899808 -0.05895365089919745 -0.05186751951861525 0.06987564078706482 -0.05876064860737423 0.02852294143040845 0.08139876341566935 -0.04748799532448227 -0.04504296268924285 -0.009886240554742104 -0.1140641454943267 -0.07499276997756121 0.1002834338593848
 0.0258444158651352 -0.0701843801485086 -0.05159076513380047 0.07488623197001018 -0.07014730222198579 0.09180484771168654 0.1059362914673137 0.06073839282355348 0.1147903234977602 0.06943498464478365 0.07442133801994716 -0.0635959783979119 0.07826095548868017 0.1055280585065856 -0.04421492950319963 0.1143884422964732 -0.06266830293144968
 0.02665877845666206 -0.02997343692303234 -0.04884773291131503 0.006745790595391821 0.06795914814524262 -0.1157818277778414 0.05496667529830232 -0.0284556928036316 -0.1173743835506766 0.01760103194526291 0.09871891951806966 0.05805023004491885 -0.06293920123688723 -0.06673127738308038 -0.1073912402619273 -0.03445087985581977 -0.1066165404389575
 0.1153359973097467 0.1186337620694553 -0.1037785416048395 0.0334781816862513 0.06429872373538073 0.02043800543199156 0.0551771472710188 -0.07656705445415664 -0.03052959576370948 -0.05030271362106783 -0.002374687464180333 -0.06202727755973386 0.01446580986070081 0.1150364996106182 0.1065773716808992 0.06493411980643868 -3.091720145846633e-005
 -0.1166622995060329 0.05179601151611687 -0.1120420700598916 0.07481650702172013 -0.0589975185050551 0.01537028121270839 0.01481803143097665 -0.04964094872465538 0.01969648864385404 -0.003448465269774895 0.07139754071489041 -0.07999794987755618 0.05010119809280902 0.0437340722859284 -0.03523802271750567 -0.01364954328594528 -0.09308623544275949


