# Created by Octave 4.2.1, Sun Apr 22 07:19:03 2018 GMT <unknown@unknown>
# name: initial_Theta2
# type: matrix
# rows: 4
# columns: 9
 0.007535694732999948 -0.04865619054358146 -0.0858015189696958 0.01902236789073902 -0.01587693649393777 -0.1001098886562269 0.1054154284663704 -0.1183562197660291 0.02456438381928497
 0.003193174468926988 -0.04613102623586941 0.111294802443025 -0.1187675500577186 0.07034146026101334 0.05428467556870037 -0.06761034627365983 -0.01665693687475579 0.05877990778532094
 0.1057251682447962 -0.1128043917559219 0.108529503422247 0.02097435902390465 -0.008937831878115213 -0.04997511956265617 0.1061610765165161 0.09078728341930417 0.02350927538220426
 0.05533638688397027 0.002216555025749814 0.09211294387274405 -0.01875825621090711 0.07932604806323518 -0.01339810768188292 -0.03747618286308213 0.09492176302315125 -0.03168141719594808


