# Created by Octave 4.2.1, Sun Apr 22 07:03:19 2018 GMT <unknown@unknown>
# name: initial_Theta3
# type: matrix
# rows: 8
# columns: 5
 -0.06065854262224336 -0.1018935126524211 0.1071113732729281 0.1166261426489497 0.01722703948566795
 0.1168681291641326 -0.07357657144776815 0.06386412511298281 0.02309224537747995 0.08719380433614965
 0.07223757434386333 0.05462109816950442 0.02815759931567829 -0.1013212897442605 0.003605506882125478
 0.06306103253399281 0.06251064550103408 0.0395275925160905 -0.1010364843906555 0.1109194116160356
 -0.05715882584017852 -0.04186454283433301 -0.1065513063505375 0.1152684179693367 -0.08222544065070965
 0.02229879717464089 -0.004483238964961569 -0.0314847829143569 -0.08952440727320719 0.05285056510930355
 0.03673567684864767 0.07223156928341384 0.03994320295449599 0.04590871721909387 -0.02777275248845644
 -0.08000523523715236 0.09417289655607228 0.01431563593805976 0.03574511077279083 -0.1137995056227516


