# Created by Octave 4.2.1, Sun Apr 22 07:31:13 2018 GMT <unknown@unknown>
# name: initial_Theta3
# type: matrix
# rows: 8
# columns: 5
 -0.03544668755017713 -0.007962153284506501 0.06402814015024311 0.07458111932290992 0.1158467493455799
 0.1098760805254443 0.09629122945578844 0.1160476387164774 -0.05817039033037175 -0.01717569522288599
 -0.06483552162629126 0.003055265152644912 -0.09461415267518916 0.004890259837192004 0.09053345372113769
 -0.03523560259354649 0.0003225045602477522 0.04422110837874527 -0.01858795713695408 -0.07451734374002039
 -0.00711259489547883 -0.03164145434616293 0.05144617871545207 -0.07952575785617738 -0.08491285738242722
 -0.06203210641778938 -0.0275925312176855 -0.03759472999558706 -0.09052273122815248 0.06316665460892806
 -0.01102831097629306 -0.09362522478453873 -0.0882063279598414 -0.08838586792740022 0.02322109679388679
 -0.04006055575819983 0.1052526936291026 0.09635851138552851 0.05768519058746097 -0.02094641891075284


