# Created by Octave 4.2.1, Sat Apr 21 22:53:57 2018 GMT <unknown@unknown>
# name: initial_Theta3
# type: matrix
# rows: 8
# columns: 5
 0.1097495929186111 0.06559668223478984 0.01971538135305825 0.09452953078172527 0.1032841752812846
 -0.074161803611624 0.0834988321548624 0.00568602816517913 0.006194640575620108 0.00708518824044968
 -0.01352418319419381 -0.1018956643077692 -0.04432733986323212 -0.01386388819181926 -0.09024030804507978
 0.04371609171438781 0.07203797683458593 0.06474478906415987 0.1078532928579784 0.014986435671174
 -0.1069175508033191 0.01854422874576417 -0.09035049359969069 -0.08730638025925572 -0.04320509247927851
 -0.1185469245522928 0.09210182291138094 0.04663872040111078 0.06048475362713199 -0.09685361728075591
 -0.0663270295824356 0.01201932419926843 -0.05584983167440113 0.03676417874959306 -0.04762299512545226
 -0.07037175485729319 -0.07168948144630358 0.02868572880476367 0.06012040014848802 0.1077655877502829


