# Created by Octave 4.2.1, Sat Apr 21 22:53:56 2018 GMT <unknown@unknown>
# name: initial_Theta1
# type: matrix
# rows: 8
# columns: 17
 0.02106511260613023 0.06260526987537113 0.0335731546359071 0.08493393511373257 -0.1078795283350658 -0.1121500806039056 0.05349262352734691 0.09894320566786338 -0.0298775813329962 0.08002605893040149 0.06736373424505673 -0.09713007818634949 0.01543186453526646 -0.0373150180401603 0.02517825203728352 0.08988039264083073 0.01776800208619814
 -0.07160428090134027 0.0316812579466432 0.1023316099395969 0.1044401080860805 -0.08073822486222743 0.09396623308628393 0.06816031421887814 -0.02094031893303207 -0.05916298711752477 -0.03100278657393704 -0.1028437096081977 -0.04144861931979793 -0.02120362131777716 -0.0677485465340625 -0.104146810273712 -0.01697946326106436 0.05743847440157851
 0.01705482774764272 0.1090795884383041 -0.0717919036906957 0.07783967956812321 -0.0292421431786256 -0.1023503698274251 -0.02217635712501753 -0.04273047379481579 0.09331414789805809 -0.06921790819762924 0.08581543047268306 -0.1168001596263356 -0.04421220629303713 -0.09676500827710172 -0.07873696677375211 0.0256582866772988 0.04361424784334178
 -0.08957988113593238 0.0165081987737532 0.1062133927043671 0.08891942298811364 -0.08242019706385025 -0.1057645644835681 0.07542888596033773 -0.01838276654637787 -0.07289306338254045 -0.06269024102620957 -0.02465272056024072 0.02362250134406602 -0.06734277296807448 0.06375875147863885 -0.04652516543773802 -0.09753427366828933 -0.0277054015512898
 0.05722959403189948 0.01796918640304765 0.1164631833216588 -0.073017307674931 -0.06275840497045179 0.1195732340985104 0.1142713340393262 0.04603035823040036 -0.01052904470057636 -0.01019587445045003 -0.07851348930555566 -0.02808205796264786 -0.04778403629934859 -0.03536355102135265 0.09719803442855499 0.0895985118432292 0.003695748184013775
 -0.0417675921026071 0.07637763644660869 -0.07618054039098597 -0.1131917482881828 -0.07282947764894354 0.07215938667844152 -0.1131469041607944 0.1082272782476345 0.09054974084296807 0.0649718434162547 -0.01543243542155158 -0.03303763489796088 0.03797830053309398 -0.03084386201380566 0.02853419713817043 0.01333858106082922 -0.02259205971997888
 0.07926173403402556 0.02297351921999849 -0.08694619462892046 -0.1056588395805162 -0.01574017317187515 -0.0118974058032196 0.01434811826257837 0.004710882163128524 -0.08389722521103 -0.1117147493481142 -0.01151018554399492 0.06420844876011378 0.008785139284567367 -0.03641361246925172 -0.04125259455288854 -0.03209234886291727 -0.05462917650093248
 0.1118104851943046 0.07143021049732906 -0.03969542667795814 0.1091648496111065 -0.0811727338048549 0.03050002622803571 -0.09731112925193697 0.06292453138820717 0.03847484921639246 0.08832959190344652 0.01239240192683158 -0.1041239542220876 0.09732921345750631 0.02181984835593198 0.07223822762590301 -0.0289272593858898 -0.08456615730104297


