# Created by Octave 4.2.1, Sat Apr 21 21:30:11 2018 GMT <unknown@unknown>
# name: initial_Theta4
# type: matrix
# rows: 16
# columns: 9
 0.01292483232435357 -0.06736359946895124 -0.02694200014325167 0.04846920370601937 -0.02858698995465313 -0.09703358914520525 -0.01602549768948433 -0.05311093122991567 -0.08983116292136663
 0.09444770936043048 0.1185669518892794 0.1071035216151304 0.1068739276049226 0.0558791911409354 -0.05427064421736867 -0.1066593094588925 -0.01664735097736153 -0.03287246795729799
 -0.08500450662375952 -0.06635311676140722 -0.02993420479387544 0.0316398385445418 -0.01187174415200684 0.0323077589965331 -0.05914877883827054 0.06582135318410187 0.002873106353021571
 0.01153831838328193 0.02666406546956981 0.04537299927955371 -0.02842743019015698 0.01883139715084164 0.112307490553421 0.06367502119262902 -0.0475684281826257 0.07191189907010809
 0.03467673760562315 -0.01523397626088503 0.0005445507098022356 -0.04356462955180361 -0.02348257473749013 0.03174534752892552 -0.05693402058178385 -0.04161343596573763 0.05660680387784728
 -0.01725699256484971 -0.09179502742942137 -0.06930040101735543 -0.1136421198070335 -0.05818503481305858 0.00351712978987713 0.1092171097319597 -0.1052173974635398 0.05767858239530496
 0.07454232540132269 0.03986980558006109 0.05269069010403493 -0.0314359653971252 -0.0006487695130911325 -0.1058244509969829 0.09324378382093115 -0.08377460065300511 -0.002173952483522867
 0.1041214517487123 0.1091929197038475 0.08459406792021931 -0.008197454647880936 -0.06590604501486544 0.04537772585775623 0.02626790838985191 -0.04276479200067571 0.006571485187791992
 0.1068885483222737 0.1164400443362773 -0.007130218991786369 -0.1072046527575433 0.09605486258753795 -0.08819098881131446 -0.03283743538630673 -0.06363543510355639 -0.04807386657480453
 0.02397813399692883 0.04243524204858942 0.01509599512352869 0.0192998068820929 0.0711962651170053 0.04963918860431457 -0.01158681385924391 0.118158740630334 0.05141203888647189
 0.1124134426102711 0.05764502708423652 0.004766421205927338 -0.007921687133972968 -0.0999379790876673 -0.05655928003481071 -0.01071267661831296 -0.05823344218164285 0.005855663977709674
 -0.08570927878734344 -0.008914764692773719 0.06693016679161479 -0.01751301890995105 0.05446612204876411 0.05516643592427103 -0.05758855800122337 -0.02455091386143432 0.02697845354887574
 -0.0377143238409309 0.03412058693481529 -0.003103179620605287 -0.02843690951507898 0.03350907406759737 0.04476760740988484 -0.04184307661593158 -0.009293811584977607 -0.07012135710925536
 0.07361309578336117 -0.03877965401051492 -0.1184487555490839 0.02874726781953973 0.09304842455730405 -0.1025402985472056 0.0789598116080657 0.1129118713918434 -0.05176767671805706
 -0.001965385820082668 -0.009778426717116637 0.09130439563122447 0.01316969792427494 -0.07193695835259908 -0.003548097641683748 -0.04577983294509298 -0.09903063565786263 -0.06567702426700808
 -0.03448847004208359 -0.09068134306127072 -0.0489850187411018 -0.07499121225890246 -0.06275900742033567 0.03648961016102115 0.07725189999318346 0.1011081791067377 0.101754097906826


