# Created by Octave 4.2.1, Sun Apr 22 07:03:19 2018 GMT <unknown@unknown>
# name: initial_Theta2
# type: matrix
# rows: 4
# columns: 9
 -0.04218191641113951 0.05969194042870901 -0.03065535857491503 -0.07225151485115672 -0.08146267662694109 -0.02218243138364166 0.007453517979748275 -0.1199105948787655 0.01431629265415729
 -0.01250277821771599 -0.04708501565981579 0.09548223367153008 0.1075962015532726 0.01181634945003346 -0.0474422509493381 -0.001559262367533343 -0.06602141649011717 -0.04029174850302573
 0.00962337181070283 -0.04733998876600212 0.08734324795593343 0.06738074651199424 0.02320474584018675 0.08881583722296221 0.0241308086649103 0.06108316119680401 0.09104618612066964
 0.06576521337203689 -0.0840305952165968 -0.05031844995873966 0.06131727493885467 -0.05776561267312642 0.0621002142682229 -0.04153769910874892 0.06049618293363254 0.02418676369528319


