# Created by Octave 4.2.1, Sun Apr 22 07:03:19 2018 GMT <unknown@unknown>
# name: initial_Theta1
# type: matrix
# rows: 8
# columns: 17
 0.06168278118113507 -0.1081840071751499 -0.09396561583807161 0.01208942740319233 -0.02936090372204336 -0.09869041404826753 -0.007925852147017881 0.06744768195724596 0.04665331887324756 -0.0596157482171266 -0.06260396906467022 -0.09706803147019413 0.09775961587913712 -0.06837865643066285 0.119629200091485 -0.09462931921562691 0.05106102849314167
 -0.03329221350780269 0.002923706489276784 -0.04912761166883935 -0.0703528795168567 -0.1175350093032326 -0.09625107603039668 -0.05805537570729954 -0.08930747220025545 0.09644976681926928 0.1132078225210575 -0.06344655652731399 0.03329416840575872 0.07530357626489287 0.09222546766372242 0.08893730180069642 0.03605099918515492 0.03182644051954633
 0.09894287703906643 0.05790180231397227 -0.06397985292736494 -0.03850514719991763 -0.05745492331897006 -0.1028343998921534 -0.03295571768903365 0.06103836714605185 0.06498599865644442 -0.06791189402080047 -0.002190316236484011 -0.04016967807554803 0.02701572802685601 0.07258075154601379 0.1042209905692245 -0.07988126701980476 0.09133304168052356
 0.04608023164704275 -0.01101561751357845 -0.0897807252625711 0.01970824838100566 -0.0157023417834226 0.07608733151988359 -0.1026483157132086 0.09601364367731466 0.03000254214239273 0.02492997418581969 0.1065085730306326 0.06212599623547863 0.09015702003419696 0.1008514406141999 -0.111664087098368 0.03774538159111138 0.004164568375433539
 0.06432041729700613 0.1074592234673237 0.04845543921778042 -0.01182784888201005 0.0266948246956967 -0.04390305228036656 0.1160407933244928 0.07817953936551833 0.01001513029868945 -0.08266984274552164 0.01733408797628047 0.006056680876787596 0.008483584585958381 -0.01529030315228255 0.1082759640405812 -0.02896896615466438 -0.02990926992802539
 -0.07110245245361434 0.1055419040766191 0.09672382221215442 -0.01015053706173405 0.1007359039682579 0.07040671787972946 0.04690597376230141 -0.02744535579194801 0.03668464771866659 0.04998587402500332 0.0873262905609743 0.0306142463711028 -0.08173541118838279 -0.0340533720275198 0.01397736144112938 -0.09104256241098775 -0.02831680467147571
 -0.04383715809207302 0.1084960847993966 -0.11828634563006 -0.04281541350989013 0.04695438966305049 0.003043817258583423 -0.04120034701615369 -0.105447885401859 -0.04388799331223985 -0.002877207971301143 0.1025546743675938 0.07796291236940861 -0.02055296451205461 -0.08298547728611552 -0.01611323585598222 -0.003710734581480121 -0.02739074235172893
 -0.02263180968364634 0.08866134571543435 -0.03440558766128259 0.08425189635101268 -0.02507904023335719 -0.1110996374180268 -0.1031155657427809 -0.06810622717080367 -0.1084830592538255 -0.1169492837401624 -0.05867183619027312 -0.05341098306047433 0.04728999578925752 -0.06503633664245217 0.04147386129508096 -0.08004672753049039 -0.1069549123005451


