# Created by Octave 4.2.1, Sat Apr 21 22:53:56 2018 GMT <unknown@unknown>
# name: initial_Theta2
# type: matrix
# rows: 4
# columns: 9
 -0.06930919426963524 0.04761830228828934 -0.02650879404750153 0.01865130803115164 -0.0289563749825032 0.09002342515382369 -0.1035353651847709 0.04903985469228628 -0.02124411208365309
 -0.02381846302395767 -0.08915793340001174 0.09145140699413395 -0.01627524723994446 -0.05671482602186836 -0.07108998023412338 -0.08065435487656804 -0.06759890596837403 0.03234147244987992
 0.1019217329498724 0.04256978385711679 -0.1099797328878352 -0.1122252485408056 -0.05834020284931898 -0.102450071068613 -0.02935223509076804 0.1191494857473241 -0.018186707973304
 0.1188404449070915 0.07828712964388984 0.0001623371372167781 0.0679652251050113 0.02041188537771318 -0.04175388090009605 -0.07880726533843649 -0.008413171910723868 0.06181987290484636


