# Created by Octave 4.2.1, Sat Apr 21 22:48:29 2018 GMT <unknown@unknown>
# name: i
# type: scalar
227761


# name: t
# type: scalar
4014.413703918457


# name: h2
# type: matrix
# rows: 9
# columns: 16
 1 1 1 1 1 1 1 1 1 1 1 1 1 1 1 1
 0.3259449268788751 0.01901286310590415 0.07869548491683408 0.0004782098443502119 0.04532523823101314 0.2741143829571799 0.01868637104062993 0.02528204416818506 0.9584140911251972 0.8104740516715772 0.1664902251831529 0.004053158654822603 0.8033025612394351 0.008671214977681557 0.6215397066656934 0.008056904433250528
 0.96532633124681 0.7139484243232694 0.9341225261981316 0.01250553267559476 0.9535330891567666 0.9488739889198967 0.4366167178891439 0.7696204262878491 0.9839545652480407 0.9251957721610279 0.9556133450061965 0.06449795672220457 0.9681322390167239 0.2988660012133503 0.9672247674469617 0.4377950586794296
 0.1071878267140205 0.01359853043344433 0.03684971094788139 0.0001099451361117947 0.02353369815864218 0.06569493704860993 0.0102309753083428 0.01899533333656944 0.947863190884544 0.207912650588913 0.1481086443731315 0.001146420271024259 0.481534375847112 0.004006831489386408 0.5215416294891714 0.002107750118950035
 0.980597035749063 0.9427306871733011 0.9330696044726828 0.01030413290216703 0.9710797500641137 0.9607017979248578 0.06952965624792316 0.957194636211616 0.9906091740506392 0.9332648763930929 0.9765942248183948 0.6699936951601042 0.9689290220610755 0.9478725996937931 0.9798470259321647 0.8203429658880096
 0.4254433377582781 0.03109337140801801 0.06797550870861338 0.0005386199531175117 0.05125650687865574 0.3222762042532352 0.03282839419581667 0.04152586556574964 0.9536429510010328 0.7337438530338655 0.3074993294603438 0.004094656666202697 0.7553187222760506 0.01455892432921532 0.6240125307132726 0.007380914411484591
 0.7892392347071698 0.07585459206569789 0.1530275947431717 0.001221324174283832 0.1180864533437809 0.7300911612713028 0.1815045019494008 0.07376273831269445 0.9387641709353717 0.8120982613695454 0.692930940909232 0.006858475233322019 0.8073423352468381 0.02817810772274441 0.7314281308411087 0.01605034267234253
 0.9756420424557068 0.6716267065783654 0.9213545351743103 0.01162926085660264 0.9342009135045056 0.9518820061008219 0.7913036532726485 0.7111364459256094 0.9887736514660983 0.9163684278047288 0.9619400909951675 0.05511568136572573 0.9725861729533003 0.2935246741002911 0.9746788283713993 0.2533799688255376
 0.4302100096614511 0.04221050852573029 0.1078474123656638 0.001241212582104079 0.08732984754850928 0.2949418133003325 0.04647726951622861 0.05580988095048477 0.927036999494027 0.5256199250648842 0.3947421922861644 0.006788412669236825 0.6457792980857564 0.02254878411359629 0.5735839628299142 0.01272368255293436


# name: h3
# type: matrix
# rows: 5
# columns: 16
 1 1 1 1 1 1 1 1 1 1 1 1 1 1 1 1
 0.2400501964313707 0.9977636797630621 0.9965875198424917 0.5972816026910774 0.9984280967874102 0.6030824998488217 0.8235962773398262 0.9979136322442087 1.210956937122219e-006 0.0008316636311834734 0.6764836531050326 0.9678780688390736 0.0002340487097357309 0.9945876716129943 0.002247691702999312 0.9929573174031467
 0.000110244941418459 0.0422106955924472 0.006019002767354571 0.9994268170127748 0.005574304159856739 0.0003371222106565696 0.9541578275384802 0.02637885637679315 1.624657832353149e-007 1.481645532208159e-005 0.0002914942664855583 0.9505800156380744 3.478216103201593e-006 0.4013398169407029 8.985647478548651e-006 0.5003363140857251
 0.0002004541572337386 0.8152755580932033 0.1846673980070819 0.9928023530730802 0.2690255135412716 0.001002824188262183 0.2763571160203124 0.7375056378081986 7.188710715642013e-009 3.41059569908796e-006 0.001168059363739354 0.9982148455698062 7.088414332678006e-007 0.9934910313653269 4.759047114177573e-006 0.9885916353211071
 0.9976495805470444 0.9999847794219048 0.9999793578442502 0.9993542945152999 0.9999883654689926 0.999401662817378 0.9997704508741607 0.9999850475804214 0.001388118927333424 0.7588839608166077 0.9992778206429266 0.9998919707847991 0.2885018374255271 0.9999674298485514 0.6493487394151217 0.999965352468607


# name: h4
# type: matrix
# rows: 9
# columns: 16
 1 1 1 1 1 1 1 1 1 1 1 1 1 1 1 1
 0.388223416582526 2.364507308685129e-010 1.537827737565985e-009 0.9999556703286299 1.011333625103442e-009 6.337772661418558e-005 0.9981320990796678 2.255168425632319e-010 0.9999997488657686 0.9996286888496007 9.865989230504058e-006 0.3644036206950128 0.9999960139034867 6.189555324500111e-007 0.9998656008819941 6.962298987721279e-006
 1.013579368151519e-008 0.7127310582463481 2.491530849409833e-006 0.9999999998502143 1.429133373001592e-005 2.14981005452153e-008 0.999341344086752 0.2654050639168921 0.9991714952492481 3.086821605803166e-006 2.52982547877056e-008 0.9999999998390785 0.4004271317628577 0.9999915529334042 5.411218897317544e-005 0.9999986665234826
 0.9999553357518876 0.9999863668867449 0.9999829161570585 0.9999866013900717 0.9999834176444883 0.9999710058513163 0.9999867536031825 0.9999859148580956 0.9997100872619944 0.9999133214272313 0.999973410045005 0.9999911825050778 0.9998165253334396 0.9999890309446271 0.9998969726867331 0.9999894740947144
 4.004093075702349e-005 0.9999995726791292 0.9999642504262848 0.9998880078397294 0.999980696052131 0.2776484096987425 0.9999444801095821 0.9999992382262369 4.507372999802812e-008 8.015806456308859e-008 0.7103633849503758 0.999999988902733 5.594830408624101e-008 0.9999999603954854 7.667071255068003e-008 0.9999999697885924
 0.9999433868501421 0.9999999908733831 0.9999999146342164 0.9999999875951259 0.9999999367706784 0.9999966554745732 0.9999999725563374 0.9999999876893405 7.816771384255151e-008 0.8928430569423927 0.9999980898157277 0.9999999992160575 8.619149411099816e-005 0.999999997743144 0.3679538807457339 0.9999999981443171
 2.134200066647912e-011 9.892773564945986e-006 2.927175625015494e-011 0.9999965271757061 1.436731066455521e-010 4.411944413717767e-012 0.048735525786071 1.641043270401066e-006 6.975616999457478e-008 3.265081876964904e-010 3.213051414578692e-012 0.9999583289564968 9.134645047141494e-009 0.2689523287842162 7.044400668150476e-010 0.7056968747266692
 0.9999449650187638 0.9999926748824048 0.9999875864026341 0.9999946884939731 0.9999884097034026 0.9999711124919786 0.9999935104678097 0.9999921034391559 0.999708267869357 0.9998868226101278 0.9999746250049941 0.9999971264370859 0.9997962063923603 0.9999954117536436 0.9998705656534312 0.9999957877485113
 4.913646357034839e-008 0.9999986937828826 0.2739994039915054 0.9999999942479816 0.7215789137886351 1.337743278237751e-005 0.9973945247900643 0.9999914683959161 9.18764691639277e-008 3.458397696749221e-009 4.16200398678876e-005 0.9999999999751219 2.647151700120227e-008 0.9999999985702861 5.69011885881036e-009 0.9999999992532975


