# Created by Octave 4.2.1, Sat Apr 21 22:48:29 2018 GMT <unknown@unknown>
# name: i
# type: scalar
227761


# name: t
# type: scalar
4014.413703918457


# name: h2
# type: matrix
# rows: 9
# columns: 16
 1 1 1 1 1 1 1 1 1 1 1 1 1 1 1 1
 0.3259449268788751 0.01901286310590415 0.07869548491683408 0.0004782098443502119 0.04532523823101314 0.2741143829571799 0.01868637104062993 0.02528204416818506 0.9584140911251972 0.8104740516715772 0.1664902251831529 0.004053158654822603 0.8033025612394351 0.008671214977681557 0.6215397066656934 0.008056904433250528
 0.96532633124681 0.7139484243232694 0.9341225261981316 0.01250553267559476 0.9535330891567666 0.9488739889198967 0.4366167178891439 0.7696204262878491 0.9839545652480407 0.9251957721610279 0.9556133450061965 0.06449795672220457 0.9681322390167239 0.2988660012133503 0.9672247674469617 0.4377950586794296
 0.1071878267140205 0.01359853043344433 0.03684971094788139 0.0001099451361117947 0.02353369815864218 0.06569493704860993 0.0102309753083428 0.01899533333656944 0.947863190884544 0.207912650588913 0.1481086443731315 0.001146420271024259 0.481534375847112 0.004006831489386408 0.5215416294891714 0.002107750118950035
 0.980597035749063 0.9427306871733011 0.9330696044726828 0.01030413290216703 0.9710797500641137 0.9607017979248578 0.06952965624792316 0.957194636211616 0.9906091740506392 0.9332648763930929 0.9765942248183948 0.6699936951601042 0.9689290220610755 0.9478725996937931 0.9798470259321647 0.8203429658880096
 0.4254433377582781 0.03109337140801801 0.06797550870861338 0.0005386199531175117 0.05125650687865574 0.3222762042532352 0.03282839419581667 0.04152586556574964 0.9536429510010328 0.7337438530338655 0.3074993294603438 0.004094656666202697 0.7553187222760506 0.01455892432921532 0.6240125307132726 0.007380914411484591
 0.7892392347071698 0.07585459206569789 0.1530275947431717 0.001221324174283832 0.1180864533437809 0.7300911612713028 0.1815045019494008 0.07376273831269445 0.9387641709353717 0.8120982613695454 0.692930940909232 0.006858475233322019 0.8073423352468381 0.02817810772274441 0.7314281308411087 0.01605034267234253
 0.9756420424557068 0.6716267065783654 0.9213545351743103 0.01162926085660264 0.9342009135045056 0.9518820061008219 0.7913036532726485 0.7111364459256094 0.9887736514660983 0.9163684278047288 0.9619400909951675 0.05511568136572573 0.9725861729533003 0.2935246741002911 0.9746788283713993 0.2533799688255376
 0.4302100096614511 0.04221050852573029 0.1078474123656638 0.001241212582104079 0.08732984754850928 0.2949418133003325 0.04647726951622861 0.05580988095048477 0.927036999494027 0.5256199250648842 0.3947421922861644 0.006788412669236825 0.6457792980857564 0.02254878411359629 0.5735839628299142 0.01272368255293436


# name: h3
# type: matrix
# rows: 5
# columns: 16
 1 1 1 1 1 1 1 1 1 1 1 1 1 1 1 1
 0.2400501964313707 0.9977636797630621 0.9965875198424917 0.5972816026910774 0.9984280967874102 0.6030824998488217 0.8235962773398262 0.9979136322442087 1.210956937122219e-006 0.0008316636311834734 0.6764836531050326 0.9678780688390736 0.0002340487097357309 0.9945876716129943 0.002247691702999312 0.9929573174031467
 0.000110244941418459 0.0422106955924472 0.006019002767354571 0.9994268170127748 0.005574304159856739 0.0003371222106565696 0.9541578275384802 0.02637885637679315 1.624657832353149e-007 1.481645532208159e-005 0.0002914942664855583 0.9505800156380744 3.478216103201593e-006 0.4013398169407029 8.985647478548651e-006 0.5003363140857251
 0.0002004541572337386 0.8152755580932033 0.1846673980070819 0.9928023530730802 0.2690255135412716 0.001002824188262183 0.2763571160203124 0.7375056378081986 7.188710715642013e-009 3.41059569908796e-006 0.001168059363739354 0.9982148455698062 7.088414332678006e-007 0.9934910313653269 4.759047114177573e-006 0.9885916353211071
 0.9976495805470444 0.9999847794219048 0.9999793578442502 0.9993542945152999 0.9999883654689926 0.999401662817378 0.9997704508741607 0.9999850475804214 0.001388118927333424 0.7588839608166077 0.9992778206429266 0.9998919707847991 0.2885018374255271 0.9999674298485514 0.6493487394151217 0.999965352468607


# name: h4
# type: matrix
# rows: 9
# columns: 16
 1 1 1 1 1 1 1 1 1 1 1 1 1 1 1 1
 0.388223416582526 2.364507308685129e-010 1.537827737565985e-009 0.9999556703286299 1.011333625103442e-009 6.337772661418558e-005 0.9981320990796678 2.255168425632319e-010 0.9999997488657686 0.9996286888496007 9.865989230504058e-006 0.3644036206950128 0.9999960139034867 6.189555324500111e-007 0.9998656008819941 6.962298987721279e-006
 1.013579368151519e-008 0.7127310582463481 2.491530849409833e-006 0.9999999998502143 1.429133373001592e-005 2.14981005452153e-008 0.999341344086752 0.2654050639168921 0.9991714952492481 3.086821605803166e-006 2.52982547877056e-008 0.9999999998390785 0.4004271317628577 0.9999915529334042 5.411218897317544e-005 0.9999986665234826
 0.9999553357518876 0.9999863668867449 0.9999829161570585 0.9999866013900717 0.9999834176444883 0.9999710058513163 0.9999867536031825 0.9999859148580956 0.9997100872619944 0.9999133214272313 0.999973410045005 0.9999911825050778 0.9998165253334396 0.9999890309446271 0.9998969726867331 0.9999894740947144
 4.004093075702349e-005 0.9999995726791292 0.9999642504262848 0.9998880078397294 0.999980696052131 0.2776484096987425 0.9999444801095821 0.9999992382262369 4.507372999802812e-008 8.015806456308859e-008 0.7103633849503758 0.999999988902733 5.594830408624101e-008 0.9999999603954854 7.667071255068003e-008 0.9999999697885924
 0.9999433868501421 0.9999999908733831 0.9999999146342164 0.9999999875951259 0.9999999367706784 0.9999966554745732 0.9999999725563374 0.9999999876893405 7.816771384255151e-008 0.8928430569423927 0.9999980898157277 0.9999999992160575 8.619149411099816e-005 0.999999997743144 0.3679538807457339 0.9999999981443171
 2.134200066647912e-011 9.892773564945986e-006 2.927175625015494e-011 0.9999965271757061 1.436731066455521e-010 4.411944413717767e-012 0.048735525786071 1.641043270401066e-006 6.975616999457478e-008 3.265081876964904e-010 3.213051414578692e-012 0.9999583289564968 9.134645047141494e-009 0.2689523287842162 7.044400668150476e-010 0.7056968747266692
 0.9999449650187638 0.9999926748824048 0.9999875864026341 0.9999946884939731 0.9999884097034026 0.9999711124919786 0.9999935104678097 0.9999921034391559 0.999708267869357 0.9998868226101278 0.9999746250049941 0.9999971264370859 0.9997962063923603 0.9999954117536436 0.9998705656534312 0.9999957877485113
 4.913646357034839e-008 0.9999986937828826 0.2739994039915054 0.9999999942479816 0.7215789137886351 1.337743278237751e-005 0.9973945247900643 0.9999914683959161 9.18764691639277e-008 3.458397696749221e-009 4.16200398678876e-005 0.9999999999751219 2.647151700120227e-008 0.9999999985702861 5.69011885881036e-009 0.9999999992532975


# name: h5
# type: matrix
# rows: 16
# columns: 16
 0.9999999794968435 6.552501515435025e-071 7.550844376094415e-069 2.657724223395879e-091 1.26308658008194e-069 1.166303868531382e-008 4.006265586830103e-090 2.086028790147661e-070 6.658148267403957e-045 8.955194309349006e-009 1.969340594509301e-044 2.586458743868385e-079 3.149455800299769e-044 1.479738340659907e-071 2.348668965656076e-029 4.417488963167286e-072
 3.538376470960249e-031 0.9999999746531081 1.065657712572271e-020 4.168795333046817e-100 6.056597264640167e-019 2.590193253819424e-022 4.511741788976453e-010 1.200695464825341e-008 3.197097389706081e-010 8.054242078737622e-045 5.464892959340738e-022 6.295917220451131e-086 5.413864090302519e-031 1.283384627823588e-008 7.409555239118065e-045 5.960190310118315e-050
 1.554053903278296e-071 1.002162332559726e-019 0.9999999767182842 2.458798507482096e-026 1.060066660822574e-008 4.757010041096698e-046 4.826001708827541e-024 6.71857913617469e-019 5.905061429149948e-060 3.712813341007408e-072 1.332527436563781e-008 6.248533778991217e-024 7.44950336328593e-059 7.103331367138233e-021 6.667524652240604e-064 7.02087483408499e-022
 3.674755206154836e-028 1.675581550375474e-037 2.266448793002235e-037 0.9999999973529128 1.002674669346354e-036 1.89810922326895e-038 6.049987311668023e-010 9.202583115465447e-037 1.85823078562597e-011 2.330138982933518e-011 4.857645457732071e-038 2.013289705600019e-009 1.808099296684369e-010 5.826557629571492e-033 1.903961622707823e-010 8.164000807186383e-025
 1.049949376753076e-018 4.655314301894543e-051 1.118516167134499e-008 5.191080567901063e-085 0.9999999758469783 7.563077116884872e-018 4.13831861313499e-081 1.310018162211584e-008 2.515436860906801e-112 5.604718719241837e-020 4.609803182828539e-018 2.219218728918745e-083 1.652181414698363e-055 1.987653545472002e-079 1.564859548265182e-018 3.130217063896877e-081
 6.822049783997974e-009 1.731199403275424e-024 1.451246745882415e-020 1.613351513447271e-093 2.9793515731877e-022 0.9999999854780279 1.736709834813556e-092 9.606459499201926e-024 2.699726087524586e-064 1.479611775499333e-051 7.544949034913364e-009 1.49891465219842e-050 2.685340867928408e-063 3.206237621539778e-025 4.54259548386078e-058 1.237105305056208e-025
 3.453655819177143e-027 8.218860368383866e-010 4.706242067680558e-025 6.520436653618448e-010 1.770518132922329e-021 2.043239538309026e-031 0.9999999982875585 9.732455358790283e-016 4.715860397242946e-010 1.440213875557647e-018 6.468531887636823e-029 1.844330457130641e-019 5.479430520168182e-018 4.258657413991793e-011 2.401395284436189e-021 2.297544724517631e-019
 2.622882679803148e-060 1.061575257341944e-008 2.258458854673176e-048 5.080718658957691e-025 1.363855941062987e-008 2.226003626899813e-063 1.657202813790541e-020 0.9999999762931527 2.547578541773147e-082 1.153285401899389e-059 5.641353909610195e-069 3.606890300458367e-024 1.915492614340324e-061 4.717405046786012e-020 1.670073404725917e-052 3.207961602331734e-022
 2.295777188216847e-029 3.604000345766031e-018 2.199670082509297e-035 1.066705955515739e-014 1.520794344399589e-037 5.419773606409269e-030 2.343865531378854e-012 3.572424029429129e-031 0.9999999980362466 8.544406017870104e-030 1.978284720106395e-032 3.655509093659747e-013 1.990994656510445e-009 1.756601685451775e-010 1.157487802786374e-024 1.474046058657457e-011
 2.256028335939314e-009 6.820595235078463e-041 9.700048592228113e-032 1.90084632513836e-011 4.224281664363412e-033 1.097151620027924e-024 1.705967449059841e-010 1.559214136262904e-036 1.041035819336881e-030 0.9999999948457345 2.057618739751089e-028 1.307638133646683e-032 7.096962893509746e-025 5.646780837148582e-044 3.234592013270733e-009 1.962753684450215e-044
 3.072624414278056e-019 3.915631294869225e-078 1.273141287207202e-008 1.368867804399128e-081 5.979102080489802e-051 1.184481637349252e-008 6.815291502444402e-080 1.34649493178694e-077 2.57528044314772e-019 5.481011867239112e-020 0.9999999755931867 1.414173758733467e-080 1.338622886490966e-018 6.920053990795857e-079 6.858625616936968e-019 1.5019584510523e-079
 1.738130673139677e-052 1.488669350569347e-065 1.070490746572023e-053 7.819093106608386e-009 2.763544262581904e-057 3.145284630109342e-045 9.948181842658143e-089 9.150956968006121e-062 6.301438961353298e-067 1.005114266144271e-066 5.504844179008419e-049 0.9999999809989421 7.391812613020383e-062 2.226994386257526e-045 7.178279201879699e-062 1.15344085442471e-008
 2.833594136862706e-058 1.007510467397851e-083 3.31996024867828e-063 1.778753693347652e-087 4.991671235843966e-064 5.551569352071117e-061 3.059846047443425e-086 1.105045496823423e-071 6.087408058908463e-009 3.09103410312419e-047 5.176851317856239e-062 8.01994247564879e-091 0.999999987248983 8.428030197593725e-092 6.491986962471918e-009 2.312890199734165e-092
 1.756892476172253e-080 1.424167132538575e-008 2.62714211384246e-070 7.047993628988456e-048 1.83186084842567e-070 1.452918208160157e-069 4.320023296893138e-014 1.76717929116684e-047 8.86329087348083e-010 6.394607376528365e-098 5.964981121987839e-070 1.361638367218452e-029 7.364271123198875e-062 0.9999999739755829 3.416390580745755e-097 1.176776934073036e-008
 1.55435980242438e-014 8.150864107735345e-070 1.024291395679122e-019 4.896804817391474e-087 1.844501342927787e-020 6.690319588027242e-017 8.734249948203065e-086 3.958801079405113e-039 4.944396252285196e-050 6.036709050200432e-009 2.58076649568548e-018 2.007432803213666e-089 5.832761449967958e-009 7.303549517568193e-090 0.9999999879512064 2.032684253658017e-090
 2.859917326818302e-043 2.776543838911297e-018 9.721344111940168e-017 2.049949613680768e-055 3.628334694356506e-017 2.688599171844229e-015 5.990625460651756e-090 9.481658785908684e-018 4.345003389367922e-087 8.148179559394831e-088 5.295235953404657e-016 7.204439584057282e-009 2.248113942163821e-086 7.998212785196622e-009 1.089402872712637e-086 0.9999999848898882


