# Created by Octave 4.2.1, Sat Apr 21 22:55:52 2018 GMT <unknown@unknown>
# name: i
# type: scalar
5360


# name: t
# type: scalar
117.0492930412292


# name: h2
# type: matrix
# rows: 9
# columns: 16
 1 1 1 1 1 1 1 1 1 1 1 1 1 1 1 1
 0.8616555932596605 0.9732801802236296 0.7856583294992109 0.02246142658031434 0.2876547985518529 0.5706187180462433 0.6754201479595566 0.8524178672066658 0.9520873110030205 0.9741621873438546 0.01976810480081913 0.04480598586794847 0.09559089103596212 0.8616022374625653 0.3236124566595805 0.5047012368792047
 0.1910322359272262 0.8540670118620226 0.8386743629208837 0.3886587729474001 0.6730864150787247 0.01272226446933026 0.07831784044152265 0.9405833276073403 0.5941486423294258 0.9854808301551483 0.9621521490029576 0.06240440663270001 0.6351291646065756 0.9239730980008537 0.9146844703604222 0.09478960859142542
 0.3639462528673937 0.941886108029646 0.1870595828613172 0.004903642743272257 0.06925313527836092 0.02470516974756293 0.08451162995892754 0.5803762714674301 0.885248640190532 0.9533237801011918 0.0145470919763618 0.01484914325856245 0.03629615954956408 0.6664062526640074 0.09691103065073367 0.03194199906957955
 0.01446920646116322 0.1331959253239151 0.02697875074316645 0.001621076854682108 0.01168487209836037 0.002868842446013207 0.01043763837845909 0.2514462951894325 0.03617753643807861 0.9229527277217466 0.009419517786578412 0.002835035601383506 0.080442900089751 0.07713650538619213 0.06285681166660297 0.007196384413948473
 0.1856122366505568 0.8828467860667225 0.3421223480439069 0.03442181742900263 0.196784434388772 0.03789544597318834 0.1298519777620397 0.9218644395689181 0.4988359985825296 0.9899244693209314 0.9359989990421306 0.04862751385476752 0.8107360052214176 0.8263699048640439 0.7052685994981309 0.08752905916056807
 0.02010533876628146 0.607947609142972 0.02804242373163173 0.001318574231314272 0.01287379924734011 0.002322195613299422 0.01192301701052659 0.380492801920893 0.08906167704360604 0.9387309683244991 0.006681876117337753 0.002774767511471187 0.04621932714708367 0.1441126988417193 0.05940506543318206 0.006609840137551586
 0.35356651605108 0.692361611194215 0.9089909799704404 0.9506435497752103 0.844400257289283 0.01214135599526902 0.07319097463101309 0.948161327997974 0.5052176312339784 0.9861250360097193 0.9562112376768155 0.1417101267108599 0.5774389690665046 0.9483209176602669 0.9568670863855278 0.6066341571252634
 0.9286847042387463 0.9831524064092535 0.9381111783309762 0.04258221276869213 0.6004562326819413 0.05027234554779353 0.4671537870802436 0.9471321904552484 0.9678675619187813 0.9905701104570629 0.03223820989994445 0.09451606777168857 0.5712719719395944 0.9399702144880546 0.7277640405424662 0.802337001659562


# name: h3
# type: matrix
# rows: 5
# columns: 16
 1 1 1 1 1 1 1 1 1 1 1 1 1 1 1 1
 0.002106413511342601 0.001028255392628756 0.9610540779646614 0.9998858054372574 0.9982569463080239 0.00999640771471573 0.003845885420245778 0.3282877960130031 0.0008488386771382468 0.001861933275942019 0.9999853151953064 0.499747067870477 0.9891645980416 0.4595021974757612 0.9993090485721007 0.531084891442696
 0.9998897725092379 0.6094515296281267 0.9917448485510645 0.9633751529132953 0.973125592124782 0.9993218643559907 0.9996328990303565 0.2973459179346938 0.9978126023012849 0.002282425921011918 0.01170319418478994 0.9936302102800241 0.2598568682504719 0.8388994432218091 0.4114136344102003 0.9996879343796805
 0.99425424423692 0.002989775051641926 0.371639255344042 0.7706036319738231 0.635516857096788 0.9995161229747481 0.9993032003374152 0.002990548421776043 0.3700189000144962 1.904129307217875e-005 0.01260649444523875 0.998384240481492 0.474415426157188 0.009565765973717362 0.0628925895212592 0.9963629739584042
 0.002249474759787472 1.39955749995747e-006 0.002079585681338161 0.9986109438250136 0.4626379209850635 0.9858101197247893 0.473431659679066 1.953716419769836e-005 2.756797314368016e-005 7.55065581501965e-008 0.9839835604741536 0.9980614723175307 0.4363489695996019 4.256107199720564e-005 0.05126098975915453 0.1757911803389833


# name: h4
# type: matrix
# rows: 9
# columns: 16
 1 1 1 1 1 1 1 1 1 1 1 1 1 1 1 1
 0.9999775059785774 0.9998351841364345 0.9999538409050033 0.9999901232899366 0.9999794355667844 0.9999922152118487 0.9999865114634348 0.999722617953354 0.9999489371820868 0.9995109216483888 0.9998526101805062 0.9999926415298729 0.9999066490629382 0.9998969494150555 0.9998162321523272 0.9999824401549029
 0.9976853383101842 2.597648957632636e-007 0.9995761972110673 0.9999997648968211 0.999997780106754 0.9964941521025887 0.997230687039235 5.69478915102797e-006 0.002363533789229385 1.061824618374597e-008 0.01287862318397433 0.9999967457827361 0.9977239363474475 0.0007096123363571339 0.330831426395593 0.9999987648625385
 7.745035106582686e-015 2.73968243759243e-005 2.265899312437349e-005 0.0007943945162439413 5.656247321389181e-005 2.145638878305234e-011 3.241912259028117e-013 0.6218742870096106 4.618046307991579e-011 0.9124780163584155 0.9999999999276623 2.035761553354229e-008 0.9992238900552549 9.769012186485976e-005 0.9988219418330136 3.872444495771468e-011
 0.9999792938655153 0.00965981347277523 0.9999999985897419 0.9999999999999121 0.999999999992556 0.9999999761764754 0.9999991813477832 0.002219891049339619 0.9976646576842948 3.834555399366104e-008 0.9920337717831391 0.9999999999841089 0.9999251121926697 0.9990931113834565 0.9991733743697924 0.9999999977431446
 3.02548613363067e-008 8.307972627846027e-011 5.3946959294874e-010 0.9984255866885106 0.0004262210298540346 0.9986404670869836 0.002902781383020107 9.839799628914634e-010 1.447954274759132e-010 4.446866253451485e-009 0.9973696118148191 0.9994701306467894 0.006224695269701671 3.453463503560582e-011 6.232249556533765e-009 4.04552867347635e-006
 3.602580942067378e-008 0.5946225891785438 0.999998876679373 0.9990361901547794 0.9999044139085407 9.728514406585277e-008 5.296552208979692e-008 0.9850921266877972 0.01361520498383439 0.01620412073279106 0.9999998020767428 0.0009653523884771103 0.9991097397838736 0.9999749770869087 0.9999999304544558 0.0008527012144260771
 0.001816127148048387 3.031901794164542e-007 0.0009345668710474607 0.9999999999540461 0.9996857063593675 0.9999999986332671 0.9985039358301342 1.989896275295619e-006 6.32332075889882e-006 4.402216583364274e-007 0.9999999671523336 0.999999999919837 0.9982147565672966 2.908872604072239e-006 0.0003946983984173127 0.7541312795903573
 0.0002496864300501334 0.002740837251560233 0.9999999986523109 0.9999999998386377 0.9999999997210178 0.000739409702435462 0.0003950874333933731 0.9966009205926744 0.0002670024215964822 0.08933430977627166 0.9999999999994429 0.9994074933145327 0.9999999999943565 0.9983808619850961 0.9999999999867468 0.9995097150429267


# name: h5
# type: matrix
# rows: 16
# columns: 16
 0.9999999999811939 3.686039136733105e-018 3.707460486168065e-012 4.664376957534385e-036 4.933969052159667e-034 6.227982718811895e-014 7.388731477928677e-012 5.592446944472322e-034 8.647555007359912e-012 7.333670569696041e-014 1.550330163345445e-060 1.300097853564063e-022 4.626462891109447e-037 7.58021946321277e-034 1.067551567403926e-029 3.406122878422301e-015
 6.898033466927762e-015 0.999999999986908 6.238022671165921e-022 3.454339357007603e-025 8.089367785230013e-024 3.999970968011628e-018 8.986002011992265e-017 3.206394882520995e-012 4.809294177420443e-012 3.842021678942643e-012 2.740676127208162e-043 2.982204714870637e-029 8.453805855345133e-045 3.792572646347655e-019 4.78082879700481e-041 1.944083405194709e-027
 8.428987838511721e-012 1.516794601226399e-021 0.9999999999764684 1.140118717284007e-013 7.417492545608579e-012 2.29744997467822e-035 1.556783020321954e-033 2.620891516489951e-012 3.423557500375647e-033 2.744584717082913e-035 2.909520583502123e-044 1.553194698030108e-024 3.974926364812043e-021 9.268889838250763e-012 8.062289934597266e-014 2.197682289078994e-017
 3.955952625984843e-034 6.522384823475439e-014 4.062933291580802e-012 0.9999999999749087 7.585832778704603e-012 4.240383946311367e-012 8.378264831570803e-034 9.885216816536325e-018 1.757116468693983e-035 6.525757322053019e-045 5.760721211041988e-012 7.543611345545199e-012 5.396198920903056e-032 8.69051261293515e-014 1.773398439877478e-033 1.056481266822736e-033
 2.0261545425499e-033 1.90626104424183e-014 7.438448722776796e-012 7.511713766405464e-012 0.9999999999699443 2.09960602696557e-033 7.2711811615001e-012 9.062595322180401e-017 1.753189231164713e-033 1.194822133394942e-043 1.660807823835527e-033 3.542127140568168e-029 7.287945804445212e-012 3.707357973723597e-012 1.580617924793834e-033 7.395582465317541e-013
 1.064074572538103e-013 5.783478235918946e-013 7.21342293152754e-040 4.595369921836996e-016 4.534263264228416e-038 0.9999999999849758 7.475364640884511e-012 4.346435260666221e-038 8.95186802703435e-013 7.450477874366354e-015 9.234511777953425e-018 7.512357570052835e-012 1.340406150900188e-040 7.548264839845108e-039 7.221211292739581e-042 2.498134830553779e-034
 6.896272395378806e-012 1.238378745370927e-013 2.740224431820389e-034 3.249716526445195e-034 2.666761516262523e-012 7.515851111969867e-012 0.9999999999811011 3.832090747472429e-034 1.301665815120845e-012 3.367937761844284e-014 3.32663933119155e-037 6.87163277129177e-029 7.163855913118349e-015 6.738403323055785e-035 3.987940973043777e-037 2.381888151991356e-012
 3.121274759519038e-042 7.362943942987976e-012 8.751848822387282e-017 5.936837012864011e-020 1.140671181710598e-018 2.227989440750797e-045 4.135422622049264e-044 0.999999999985407 4.197192952445513e-038 8.565940431917896e-013 1.242640104383336e-013 5.097040546168443e-028 1.830905635676015e-016 8.211997603450726e-013 6.76685510404944e-012 2.824484767813582e-026
 7.506995977908154e-012 1.612728416777757e-012 2.113017481141686e-034 1.697064501260007e-039 2.277323637603598e-038 6.419115165254919e-017 8.521588453853038e-016 5.040828284098248e-032 0.9999999999847735 3.580827730971059e-012 1.900077191130275e-021 1.083810687655241e-030 4.971045130661806e-042 3.231710774250789e-012 2.776885724564954e-023 1.386540822728939e-028
 9.058786254673481e-016 1.952280562833303e-012 5.81634331230326e-034 3.447900080300206e-037 6.558359792095898e-036 5.112214568828463e-019 1.024143070288731e-017 4.073979381780481e-012 2.227975217502633e-012 0.9999999999924984 1.675614798920351e-015 1.578779667182577e-025 9.322669497854522e-018 2.129720260395533e-030 1.890983801222251e-013 9.604313247501973e-024
 4.622608197082481e-035 1.783027763879703e-024 2.003938129979344e-032 4.313875103834781e-012 2.46179727790147e-028 1.002719266823277e-014 6.204014909884371e-031 5.104666285365279e-014 1.885459597543852e-027 3.227932167347552e-012 0.9999999999927314 1.329532076001766e-014 3.039119806158692e-013 8.085606273664946e-025 2.380481105584555e-012 7.24922744074667e-032
 2.128291930071133e-031 1.334833167686451e-030 1.506694107845213e-031 7.219160446774386e-012 4.795657910643525e-034 1.05153620994797e-011 7.909773345632823e-034 2.126778478510177e-022 4.277328054578506e-025 3.496403927600658e-023 4.08571841032341e-013 0.9999999999741205 1.155476523541965e-041 5.666124944989131e-025 6.678327954625503e-035 1.024692148491683e-011
 9.643012443744694e-030 3.555236668074535e-031 3.382461617100129e-029 2.143915751662172e-027 1.003240990146776e-011 5.503753768205437e-028 2.36975466155036e-012 5.006735126341627e-018 1.30312857530918e-036 2.927154456708958e-012 2.63790592423062e-012 3.973806832819507e-029 0.9999999999808042 4.219622441022083e-036 5.603933682363144e-012 1.023795978558804e-017
 8.102321028257663e-034 1.542241977390745e-018 7.047977204049226e-012 6.945513316024026e-019 6.456397717296248e-016 9.292654621572061e-041 7.841958247756579e-038 5.009454539775776e-012 6.937924320370168e-012 5.140532408035414e-037 1.425051386725923e-012 2.118494094575406e-028 3.934344837455257e-031 0.999999999980995 1.837301136649452e-012 1.857857316452994e-024
 2.058018580581605e-019 1.607040947628941e-029 1.324275631537949e-012 3.400136530746515e-036 7.040079279525063e-034 5.390810962670993e-043 1.198071067056497e-040 6.242169522122683e-012 1.499148948812435e-018 5.26829918133018e-012 1.600637196264957e-013 9.429526292232966e-041 7.073649502838546e-012 8.401284309893164e-012 0.9999999999768336 3.437048714573795e-033
 7.211807584350276e-013 8.0370065816052e-024 5.041768856438197e-013 4.750461456664346e-034 4.98804091563266e-012 6.605126533429793e-034 6.284911046293419e-012 4.532287962270662e-013 9.819257783814384e-013 9.557051581514257e-013 1.110213030001602e-037 7.027075237173682e-012 3.228785672403382e-016 1.269322088073141e-012 8.293659855284169e-017 0.9999999999788554


