# Created by Octave 4.2.1, Sat Apr 21 22:55:52 2018 GMT <unknown@unknown>
# name: i
# type: scalar
5360


# name: t
# type: scalar
117.0492930412292


# name: h2
# type: matrix
# rows: 9
# columns: 16
 1 1 1 1 1 1 1 1 1 1 1 1 1 1 1 1
 0.8616555932596605 0.9732801802236296 0.7856583294992109 0.02246142658031434 0.2876547985518529 0.5706187180462433 0.6754201479595566 0.8524178672066658 0.9520873110030205 0.9741621873438546 0.01976810480081913 0.04480598586794847 0.09559089103596212 0.8616022374625653 0.3236124566595805 0.5047012368792047
 0.1910322359272262 0.8540670118620226 0.8386743629208837 0.3886587729474001 0.6730864150787247 0.01272226446933026 0.07831784044152265 0.9405833276073403 0.5941486423294258 0.9854808301551483 0.9621521490029576 0.06240440663270001 0.6351291646065756 0.9239730980008537 0.9146844703604222 0.09478960859142542
 0.3639462528673937 0.941886108029646 0.1870595828613172 0.004903642743272257 0.06925313527836092 0.02470516974756293 0.08451162995892754 0.5803762714674301 0.885248640190532 0.9533237801011918 0.0145470919763618 0.01484914325856245 0.03629615954956408 0.6664062526640074 0.09691103065073367 0.03194199906957955
 0.01446920646116322 0.1331959253239151 0.02697875074316645 0.001621076854682108 0.01168487209836037 0.002868842446013207 0.01043763837845909 0.2514462951894325 0.03617753643807861 0.9229527277217466 0.009419517786578412 0.002835035601383506 0.080442900089751 0.07713650538619213 0.06285681166660297 0.007196384413948473
 0.1856122366505568 0.8828467860667225 0.3421223480439069 0.03442181742900263 0.196784434388772 0.03789544597318834 0.1298519777620397 0.9218644395689181 0.4988359985825296 0.9899244693209314 0.9359989990421306 0.04862751385476752 0.8107360052214176 0.8263699048640439 0.7052685994981309 0.08752905916056807
 0.02010533876628146 0.607947609142972 0.02804242373163173 0.001318574231314272 0.01287379924734011 0.002322195613299422 0.01192301701052659 0.380492801920893 0.08906167704360604 0.9387309683244991 0.006681876117337753 0.002774767511471187 0.04621932714708367 0.1441126988417193 0.05940506543318206 0.006609840137551586
 0.35356651605108 0.692361611194215 0.9089909799704404 0.9506435497752103 0.844400257289283 0.01214135599526902 0.07319097463101309 0.948161327997974 0.5052176312339784 0.9861250360097193 0.9562112376768155 0.1417101267108599 0.5774389690665046 0.9483209176602669 0.9568670863855278 0.6066341571252634
 0.9286847042387463 0.9831524064092535 0.9381111783309762 0.04258221276869213 0.6004562326819413 0.05027234554779353 0.4671537870802436 0.9471321904552484 0.9678675619187813 0.9905701104570629 0.03223820989994445 0.09451606777168857 0.5712719719395944 0.9399702144880546 0.7277640405424662 0.802337001659562


# name: h3
# type: matrix
# rows: 5
# columns: 16
 1 1 1 1 1 1 1 1 1 1 1 1 1 1 1 1
 0.002106413511342601 0.001028255392628756 0.9610540779646614 0.9998858054372574 0.9982569463080239 0.00999640771471573 0.003845885420245778 0.3282877960130031 0.0008488386771382468 0.001861933275942019 0.9999853151953064 0.499747067870477 0.9891645980416 0.4595021974757612 0.9993090485721007 0.531084891442696
 0.9998897725092379 0.6094515296281267 0.9917448485510645 0.9633751529132953 0.973125592124782 0.9993218643559907 0.9996328990303565 0.2973459179346938 0.9978126023012849 0.002282425921011918 0.01170319418478994 0.9936302102800241 0.2598568682504719 0.8388994432218091 0.4114136344102003 0.9996879343796805
 0.99425424423692 0.002989775051641926 0.371639255344042 0.7706036319738231 0.635516857096788 0.9995161229747481 0.9993032003374152 0.002990548421776043 0.3700189000144962 1.904129307217875e-005 0.01260649444523875 0.998384240481492 0.474415426157188 0.009565765973717362 0.0628925895212592 0.9963629739584042
 0.002249474759787472 1.39955749995747e-006 0.002079585681338161 0.9986109438250136 0.4626379209850635 0.9858101197247893 0.473431659679066 1.953716419769836e-005 2.756797314368016e-005 7.55065581501965e-008 0.9839835604741536 0.9980614723175307 0.4363489695996019 4.256107199720564e-005 0.05126098975915453 0.1757911803389833


# name: h4
# type: matrix
# rows: 9
# columns: 16
 1 1 1 1 1 1 1 1 1 1 1 1 1 1 1 1
 0.9999775059785774 0.9998351841364345 0.9999538409050033 0.9999901232899366 0.9999794355667844 0.9999922152118487 0.9999865114634348 0.999722617953354 0.9999489371820868 0.9995109216483888 0.9998526101805062 0.9999926415298729 0.9999066490629382 0.9998969494150555 0.9998162321523272 0.9999824401549029
 0.9976853383101842 2.597648957632636e-007 0.9995761972110673 0.9999997648968211 0.999997780106754 0.9964941521025887 0.997230687039235 5.69478915102797e-006 0.002363533789229385 1.061824618374597e-008 0.01287862318397433 0.9999967457827361 0.9977239363474475 0.0007096123363571339 0.330831426395593 0.9999987648625385
 7.745035106582686e-015 2.73968243759243e-005 2.265899312437349e-005 0.0007943945162439413 5.656247321389181e-005 2.145638878305234e-011 3.241912259028117e-013 0.6218742870096106 4.618046307991579e-011 0.9124780163584155 0.9999999999276623 2.035761553354229e-008 0.9992238900552549 9.769012186485976e-005 0.9988219418330136 3.872444495771468e-011
 0.9999792938655153 0.00965981347277523 0.9999999985897419 0.9999999999999121 0.999999999992556 0.9999999761764754 0.9999991813477832 0.002219891049339619 0.9976646576842948 3.834555399366104e-008 0.9920337717831391 0.9999999999841089 0.9999251121926697 0.9990931113834565 0.9991733743697924 0.9999999977431446
 3.02548613363067e-008 8.307972627846027e-011 5.3946959294874e-010 0.9984255866885106 0.0004262210298540346 0.9986404670869836 0.002902781383020107 9.839799628914634e-010 1.447954274759132e-010 4.446866253451485e-009 0.9973696118148191 0.9994701306467894 0.006224695269701671 3.453463503560582e-011 6.232249556533765e-009 4.04552867347635e-006
 3.602580942067378e-008 0.5946225891785438 0.999998876679373 0.9990361901547794 0.9999044139085407 9.728514406585277e-008 5.296552208979692e-008 0.9850921266877972 0.01361520498383439 0.01620412073279106 0.9999998020767428 0.0009653523884771103 0.9991097397838736 0.9999749770869087 0.9999999304544558 0.0008527012144260771
 0.001816127148048387 3.031901794164542e-007 0.0009345668710474607 0.9999999999540461 0.9996857063593675 0.9999999986332671 0.9985039358301342 1.989896275295619e-006 6.32332075889882e-006 4.402216583364274e-007 0.9999999671523336 0.999999999919837 0.9982147565672966 2.908872604072239e-006 0.0003946983984173127 0.7541312795903573
 0.0002496864300501334 0.002740837251560233 0.9999999986523109 0.9999999998386377 0.9999999997210178 0.000739409702435462 0.0003950874333933731 0.9966009205926744 0.0002670024215964822 0.08933430977627166 0.9999999999994429 0.9994074933145327 0.9999999999943565 0.9983808619850961 0.9999999999867468 0.9995097150429267


