# Created by Octave 4.2.1, Sun Apr 22 07:11:33 2018 GMT <unknown@unknown>
# name: i
# type: scalar
28157


# name: t
# type: scalar
495.8412809371948


# name: h2
# type: matrix
# rows: 9
# columns: 16
 1 1 1 1 1 1 1 1 1 1 1 1 1 1 1 1
 0.9428339248298016 0.9754305118601263 0.4063633154290915 0.9010563839527963 0.6463878791617785 0.9429064411272117 0.7340156683449992 0.9714676684701066 0.01561020016813331 0.914416489693142 0.9670868216935851 0.7848493561773212 0.5260520493716099 0.4046757000246801 0.02604853429097852 0.9609461354437681
 0.7567661053978645 0.7382475300024693 0.02452181008495898 0.06301818029970399 0.4545925417231039 0.2534606050478963 0.08342850000056516 0.8766484288277567 0.01720308613481194 0.5585949311252508 0.9050037674476502 0.1388215789535693 0.3423690114373379 0.1607238103088247 0.1442952831448575 0.532368347713247
 0.9555527907061819 0.1017950566790088 0.01114122069962311 0.01414535372930558 0.03802634253990745 0.03395557380244683 0.3982845719448023 0.5419285269179682 0.005916791996314828 0.5114910133984577 0.1805492046727666 0.6407051119618429 0.06509626862524323 0.9483308050745327 0.05152199971692317 0.1437345124795714
 0.92604694853067 0.9220449425468917 0.02661370012664953 0.04701255923368883 0.1059660249148388 0.462249271024739 0.9083358984559654 0.9029201347619816 0.01784636810264391 0.9088358378781672 0.9029733175495083 0.2411249807546075 0.8758421718659051 0.8946241266623722 0.2739532263749112 0.8011823720222857
 0.9595052820103703 0.1488501677238412 0.01129032548507911 0.01426591620202203 0.0389760663425773 0.03877054091391889 0.494619258882984 0.6108315600559485 0.005655701372622408 0.6156653668259073 0.2231253776642701 0.6358771324457346 0.06446330447811065 0.9545683836072907 0.06168947490561318 0.1479837214719417
 0.8844630344229317 0.4290431594484823 0.008907003901693114 0.01851698139897696 0.06132651695489835 0.03651440216045647 0.05614512322532818 0.8666421689838048 0.00540067406541768 0.4010612361252565 0.8209273795239628 0.2220663269865334 0.08215772549658415 0.637294274511312 0.07617604214066165 0.1099033992785595
 0.9451555625999896 0.5716795079868298 0.01976591622201704 0.05885729712917455 0.4742843893707254 0.1108461128304885 0.05920134014869467 0.9563345384338064 0.01240760216655632 0.4457730311645292 0.9531150353359682 0.3887648782821918 0.135929039954846 0.4235953633606043 0.1673190747410011 0.2402063869061896
 0.9509458244703717 0.927012738114115 0.05403850599408207 0.07483663363054789 0.5558239178833484 0.278571665643434 0.4087251977964922 0.9586543606194468 0.4704728427544634 0.8544512188643885 0.9426512809492891 0.2011619463171554 0.8687812589168189 0.546127622809788 0.9672073014049906 0.19855519157283


# name: h3
# type: matrix
# rows: 5
# columns: 16
 1 1 1 1 1 1 1 1 1 1 1 1 1 1 1 1
 0.0002349637397774909 0.4485039487690948 0.9995064512730895 0.9991093486665401 0.9006297958984062 0.998554857041609 0.998353854206846 0.0008035740972533795 0.9990821781856523 0.3755182776711699 0.004851850955889037 0.7919475988358297 0.9968008052016656 0.2324299343543577 0.9910191331863496 0.9937653934491771
 0.004300950360715054 0.9987810135751402 0.9971321081918419 0.999076124220622 0.9995312462886645 0.998959920246169 0.3896195865756023 0.6099487313059291 0.995531320304195 0.4352619091530432 0.9972888118401362 0.1049926732641724 0.9965434840872396 0.0002142671001641287 0.9940316686190235 0.9961163926754955
 3.794657709092005e-007 0.0001774393511591477 0.9918980301607664 0.9983991200872436 0.3451237238039869 0.9038708101072465 0.04519595226121992 1.621681365427519e-006 0.5702395844038144 9.588765574161444e-005 9.042894351651147e-006 0.4619593797317267 0.001593884230451603 3.073070834733669e-005 0.003438937102350397 0.3540514957366379
 2.824667365032533e-007 0.0003391304720527739 0.9762458657260304 0.3533913959964623 0.4172254213859245 0.04703462301712643 0.00878472167356935 1.928040300844524e-006 0.999571732083248 8.273481520561511e-005 2.116284758823185e-005 0.003562049396199933 0.3253061814418342 0.0005153174839273272 0.9982396360599821 0.001378283198821372


# name: h4
# type: matrix
# rows: 9
# columns: 16
 1 1 1 1 1 1 1 1 1 1 1 1 1 1 1 1
 1.220184917399436e-009 0.9997751573757491 0.9999999921083363 0.9999999853852197 0.9999998045434146 0.9999999748681474 0.8088753758130256 0.001609466939822715 0.9999999801735748 0.00350323665159468 0.9328424235823041 0.0009507936521160749 0.9999998606344217 2.231384006925091e-008 0.999999923127057 0.9999999025310931
 2.798766009662786e-007 1.681400327503522e-009 0.9999999803397507 0.9959238553305779 0.003401139354471991 0.08373960751821713 5.656251387767698e-008 1.532417444182285e-008 0.9999602763607847 2.639976868780895e-008 2.384921381131746e-009 0.000692456529489064 7.149232302807698e-007 2.399823471593524e-007 0.3222545995419194 9.956127891084145e-007
 0.9992790398729695 0.9999717193214003 0.003636613287116976 0.9963585742668902 0.6132677920317482 0.9999681887546125 0.2815972485672584 0.9999958442323912 8.515355851233557e-005 0.998536195010519 0.9999998396209717 0.9193525482123152 0.1473048944655886 0.9887814860820832 1.074023954685644e-006 0.9989528583656765
 0.8075362541259906 0.9999897231824609 0.09417811053189788 2.400573242995375e-007 0.99550552581636 6.111464214085526e-009 0.006771371729987642 0.9999752473253443 0.9999525563635445 0.9772448476808332 0.9999999269181337 7.420505067878403e-009 0.9999936296759258 0.2280184071031641 0.999999999993773 0.01087238943677101
 2.434833415426008e-009 0.001134353296689772 0.9999999346877753 0.999999989441977 0.9944412252091502 0.9999999757335826 0.2381599978911579 9.884179644459249e-008 0.9998835901882615 1.169745082947836e-005 1.118387557137581e-006 0.7719069795575367 0.7077797501063779 8.837165519210712e-008 0.2635323347650694 0.9996332289480858
 0.0007997346102485033 0.9999999993297786 0.9999999999999958 0.9999999999999925 0.9999999999993077 0.9999999999999822 0.9999954269408461 0.9993638586086617 0.9999999999999556 0.9990114943293945 0.9999999420220917 0.9967689596738234 0.9999999999978968 0.007300783760520314 0.9999999999988494 0.9999999999995617
 0.006104227402879458 0.9991520100646704 0.9999999999994524 0.9999999999991718 0.999999999814438 0.9999999999985201 0.9999999999843259 0.002539003667186563 0.9999999999973375 0.9966197019716719 0.001618543185882466 0.9999999988531034 0.9999999999615905 0.8784915303095806 0.9999999999713154 0.9999999999860754
 1.410064183458302e-006 4.089390245479945e-007 0.9999999999999873 0.9999999686958762 0.9859103515445025 0.9996330460322688 4.429070115490199e-005 2.665880724706733e-007 0.9999999999300284 1.50260658726624e-006 9.30589709979489e-008 0.2738365571901949 0.0060693573695981 3.123207819293904e-006 0.9999830538708124 0.005704574490292512


# name: h5
# type: matrix
# rows: 16
# columns: 16
 0.9999999995773097 7.107766545477002e-034 3.642191033855089e-044 1.066217659986163e-042 4.644091415584752e-038 4.234242492701301e-042 1.917855232925587e-039 2.067949639085545e-010 6.767309773896514e-040 5.85481783422079e-029 4.858685244265627e-015 1.395326406249721e-035 7.819349694841785e-037 2.037708782704555e-010 4.140582178404189e-038 2.127790832772545e-040
 2.46344090300088e-019 0.9999999988148103 7.058842868158199e-046 8.674165404819318e-050 9.856036101098877e-033 1.251418155216169e-044 2.612468505389046e-010 4.123663533618943e-027 8.130087438730082e-037 2.251961594796122e-010 5.587643591274449e-010 1.005805259384431e-046 6.646188379443128e-011 2.645157184058061e-010 1.900858479207793e-010 2.819156527458957e-032
 1.304212639040542e-044 1.714243301350285e-060 0.9999999995675679 1.933625441422793e-010 1.639846183968701e-056 4.811358454916867e-041 2.153317757216024e-024 1.34647855832034e-052 2.297195776986069e-010 3.686281132514833e-056 3.737487621790409e-056 1.558362519868493e-036 1.394955490680771e-044 8.871177749805915e-036 6.539921165008507e-031 1.513385649663985e-042
 1.062652572005016e-024 5.417144237295734e-047 4.166268797833627e-010 0.9999999993981306 1.250282229942529e-054 1.832824596070747e-010 6.356130320971803e-022 5.102201399338508e-037 1.996733074236988e-043 4.586144997358332e-044 5.774474368127593e-039 1.481259243127209e-011 2.132642444126155e-062 1.655519437298871e-010 3.953470848081922e-055 5.700354500790811e-014
 1.369919554535921e-010 5.94210632024534e-023 2.415555186009447e-041 5.058780569726271e-047 0.9999999992004971 3.843725393975387e-010 1.054285997506117e-029 7.832693679924728e-014 9.171059347643214e-029 7.065985878034036e-019 6.321449254866191e-018 9.608132754281935e-018 2.728278591896841e-010 9.063791450119642e-023 2.266764682238713e-010 2.481791839743574e-024
 6.573845623200929e-024 5.235650831019387e-031 1.934087212918708e-012 2.283622721554927e-010 1.714396691441835e-010 0.9999999993740476 7.338787602821565e-012 4.218307617224171e-032 6.313958096303483e-031 4.32246676534095e-036 6.697504009889613e-027 1.675708878090344e-010 5.7715519127299e-031 4.993689572163191e-016 6.782219294156287e-017 9.718062841822855e-011
 2.773093252342528e-035 1.317087919928865e-011 3.626469302863922e-011 3.873387635645726e-023 8.026113215108227e-031 1.478821143043061e-020 0.999999999751509 6.172650122784441e-037 1.201205137242132e-025 9.288082598166565e-020 5.355674922202593e-029 2.553654449664089e-017 8.854443203883172e-011 4.124352505263815e-011 1.596696348598462e-012 6.51236525789968e-011
 2.43992997651572e-010 7.098877902327768e-031 3.834265572751165e-032 1.63186450501384e-036 4.214652490137658e-035 1.010569153691042e-035 1.439109692195581e-023 0.9999999994345821 2.92557359686994e-033 1.912226763806323e-010 1.760342629945322e-010 8.089498075939272e-013 3.032919437826419e-030 4.461483495818051e-026 2.508042094436806e-029 3.51428421745529e-034
 1.11082093790592e-010 9.563888219914699e-026 3.524979518303467e-010 8.552015101187542e-023 1.768602999086137e-021 2.93833972932949e-044 1.748499008948227e-036 1.639873955197729e-013 0.9999999994373991 3.057510070974484e-020 4.61948468755779e-019 1.713327188331564e-037 7.027062713985471e-014 4.678203678490718e-028 2.538605970313813e-010 3.545581827677366e-042
 1.612500232763777e-022 9.684640304488447e-014 2.057767052166134e-029 4.88389125959296e-043 6.071398295021534e-029 7.137647739139948e-042 3.285194310881659e-011 3.717167476651663e-010 2.037055630563013e-022 0.9999999993230695 4.361573448420809e-031 7.442504216703834e-011 4.236270236775863e-013 2.951647499772282e-010 1.174811406414844e-010 4.613772009974128e-036
 8.07075409426374e-011 1.103724281449061e-010 5.071925889076337e-015 2.4016338730379e-018 5.378575484357138e-018 3.759580622954572e-017 2.782922043991352e-011 1.645175995725891e-010 3.419026111947415e-017 3.907963112009919e-031 0.9999999996560531 2.121273531473624e-034 1.890677661005699e-012 1.447180109675296e-027 2.685001820526389e-011 4.2703404612387e-015
 1.597436650059381e-024 5.043219672190376e-034 3.271671459959661e-011 1.367762943448393e-014 1.051394847272904e-023 6.021874610273083e-012 1.304676162698185e-010 1.279758158168233e-018 9.941678552701844e-024 9.766313036428314e-012 3.481806166006987e-039 0.9999999997375326 7.094449210522895e-024 1.334413593566691e-010 3.979583754813231e-028 1.089165922165419e-011
 1.610930126865469e-011 5.872785746081825e-011 5.367932322458564e-022 1.43969301180479e-036 5.863719100468047e-016 7.369586422970692e-034 7.880938480501834e-011 8.262649058383746e-013 7.317281384574446e-011 1.214210303132457e-012 1.72557206786942e-011 2.052708360407717e-020 0.9999999997666145 3.993692123052577e-018 1.234861320875912e-017 3.196479919269389e-011
 2.418446559024022e-010 5.597224312231697e-019 6.460260679308981e-020 4.15279302467038e-021 1.512557471665014e-027 4.44800918060911e-021 9.769463952187796e-011 2.622076394867958e-029 1.576237556717373e-026 3.585758348689078e-012 1.480514025733871e-035 7.496873318056346e-011 2.449018776523073e-022 0.9999999996206157 2.544659341371173e-021 8.960010969488228e-019
 1.349808040811001e-017 2.317253563899328e-025 3.26085355698999e-024 1.100586792137779e-045 2.148809023490928e-010 8.38973292116024e-034 2.62376820248512e-028 2.159943082759466e-018 9.829599334602946e-011 1.79623124168366e-022 2.372415742952203e-021 1.765875289584573e-040 3.894294283599119e-018 2.728113577278221e-029 0.9999999996880669 2.903382709731991e-054
 5.664010616092118e-022 7.372071338193972e-029 7.416877589732013e-015 7.927186873736696e-015 8.095795084463576e-023 1.593386422221968e-010 1.354646146987788e-010 1.179164367107162e-031 6.107872478416069e-027 2.960994685405024e-037 1.587475089463589e-023 1.622952576959991e-010 1.136365970519202e-010 1.791401696044766e-019 1.049994141498411e-041 0.9999999995094355


