# Created by Octave 4.2.1, Sun Apr 22 07:11:33 2018 GMT <unknown@unknown>
# name: i
# type: scalar
28157


# name: t
# type: scalar
495.8412809371948


# name: h2
# type: matrix
# rows: 9
# columns: 16
 1 1 1 1 1 1 1 1 1 1 1 1 1 1 1 1
 0.9428339248298016 0.9754305118601263 0.4063633154290915 0.9010563839527963 0.6463878791617785 0.9429064411272117 0.7340156683449992 0.9714676684701066 0.01561020016813331 0.914416489693142 0.9670868216935851 0.7848493561773212 0.5260520493716099 0.4046757000246801 0.02604853429097852 0.9609461354437681
 0.7567661053978645 0.7382475300024693 0.02452181008495898 0.06301818029970399 0.4545925417231039 0.2534606050478963 0.08342850000056516 0.8766484288277567 0.01720308613481194 0.5585949311252508 0.9050037674476502 0.1388215789535693 0.3423690114373379 0.1607238103088247 0.1442952831448575 0.532368347713247
 0.9555527907061819 0.1017950566790088 0.01114122069962311 0.01414535372930558 0.03802634253990745 0.03395557380244683 0.3982845719448023 0.5419285269179682 0.005916791996314828 0.5114910133984577 0.1805492046727666 0.6407051119618429 0.06509626862524323 0.9483308050745327 0.05152199971692317 0.1437345124795714
 0.92604694853067 0.9220449425468917 0.02661370012664953 0.04701255923368883 0.1059660249148388 0.462249271024739 0.9083358984559654 0.9029201347619816 0.01784636810264391 0.9088358378781672 0.9029733175495083 0.2411249807546075 0.8758421718659051 0.8946241266623722 0.2739532263749112 0.8011823720222857
 0.9595052820103703 0.1488501677238412 0.01129032548507911 0.01426591620202203 0.0389760663425773 0.03877054091391889 0.494619258882984 0.6108315600559485 0.005655701372622408 0.6156653668259073 0.2231253776642701 0.6358771324457346 0.06446330447811065 0.9545683836072907 0.06168947490561318 0.1479837214719417
 0.8844630344229317 0.4290431594484823 0.008907003901693114 0.01851698139897696 0.06132651695489835 0.03651440216045647 0.05614512322532818 0.8666421689838048 0.00540067406541768 0.4010612361252565 0.8209273795239628 0.2220663269865334 0.08215772549658415 0.637294274511312 0.07617604214066165 0.1099033992785595
 0.9451555625999896 0.5716795079868298 0.01976591622201704 0.05885729712917455 0.4742843893707254 0.1108461128304885 0.05920134014869467 0.9563345384338064 0.01240760216655632 0.4457730311645292 0.9531150353359682 0.3887648782821918 0.135929039954846 0.4235953633606043 0.1673190747410011 0.2402063869061896
 0.9509458244703717 0.927012738114115 0.05403850599408207 0.07483663363054789 0.5558239178833484 0.278571665643434 0.4087251977964922 0.9586543606194468 0.4704728427544634 0.8544512188643885 0.9426512809492891 0.2011619463171554 0.8687812589168189 0.546127622809788 0.9672073014049906 0.19855519157283


# name: h3
# type: matrix
# rows: 5
# columns: 16
 1 1 1 1 1 1 1 1 1 1 1 1 1 1 1 1
 0.0002349637397774909 0.4485039487690948 0.9995064512730895 0.9991093486665401 0.9006297958984062 0.998554857041609 0.998353854206846 0.0008035740972533795 0.9990821781856523 0.3755182776711699 0.004851850955889037 0.7919475988358297 0.9968008052016656 0.2324299343543577 0.9910191331863496 0.9937653934491771
 0.004300950360715054 0.9987810135751402 0.9971321081918419 0.999076124220622 0.9995312462886645 0.998959920246169 0.3896195865756023 0.6099487313059291 0.995531320304195 0.4352619091530432 0.9972888118401362 0.1049926732641724 0.9965434840872396 0.0002142671001641287 0.9940316686190235 0.9961163926754955
 3.794657709092005e-007 0.0001774393511591477 0.9918980301607664 0.9983991200872436 0.3451237238039869 0.9038708101072465 0.04519595226121992 1.621681365427519e-006 0.5702395844038144 9.588765574161444e-005 9.042894351651147e-006 0.4619593797317267 0.001593884230451603 3.073070834733669e-005 0.003438937102350397 0.3540514957366379
 2.824667365032533e-007 0.0003391304720527739 0.9762458657260304 0.3533913959964623 0.4172254213859245 0.04703462301712643 0.00878472167356935 1.928040300844524e-006 0.999571732083248 8.273481520561511e-005 2.116284758823185e-005 0.003562049396199933 0.3253061814418342 0.0005153174839273272 0.9982396360599821 0.001378283198821372


# name: h4
# type: matrix
# rows: 9
# columns: 16
 1 1 1 1 1 1 1 1 1 1 1 1 1 1 1 1
 1.220184917399436e-009 0.9997751573757491 0.9999999921083363 0.9999999853852197 0.9999998045434146 0.9999999748681474 0.8088753758130256 0.001609466939822715 0.9999999801735748 0.00350323665159468 0.9328424235823041 0.0009507936521160749 0.9999998606344217 2.231384006925091e-008 0.999999923127057 0.9999999025310931
 2.798766009662786e-007 1.681400327503522e-009 0.9999999803397507 0.9959238553305779 0.003401139354471991 0.08373960751821713 5.656251387767698e-008 1.532417444182285e-008 0.9999602763607847 2.639976868780895e-008 2.384921381131746e-009 0.000692456529489064 7.149232302807698e-007 2.399823471593524e-007 0.3222545995419194 9.956127891084145e-007
 0.9992790398729695 0.9999717193214003 0.003636613287116976 0.9963585742668902 0.6132677920317482 0.9999681887546125 0.2815972485672584 0.9999958442323912 8.515355851233557e-005 0.998536195010519 0.9999998396209717 0.9193525482123152 0.1473048944655886 0.9887814860820832 1.074023954685644e-006 0.9989528583656765
 0.8075362541259906 0.9999897231824609 0.09417811053189788 2.400573242995375e-007 0.99550552581636 6.111464214085526e-009 0.006771371729987642 0.9999752473253443 0.9999525563635445 0.9772448476808332 0.9999999269181337 7.420505067878403e-009 0.9999936296759258 0.2280184071031641 0.999999999993773 0.01087238943677101
 2.434833415426008e-009 0.001134353296689772 0.9999999346877753 0.999999989441977 0.9944412252091502 0.9999999757335826 0.2381599978911579 9.884179644459249e-008 0.9998835901882615 1.169745082947836e-005 1.118387557137581e-006 0.7719069795575367 0.7077797501063779 8.837165519210712e-008 0.2635323347650694 0.9996332289480858
 0.0007997346102485033 0.9999999993297786 0.9999999999999958 0.9999999999999925 0.9999999999993077 0.9999999999999822 0.9999954269408461 0.9993638586086617 0.9999999999999556 0.9990114943293945 0.9999999420220917 0.9967689596738234 0.9999999999978968 0.007300783760520314 0.9999999999988494 0.9999999999995617
 0.006104227402879458 0.9991520100646704 0.9999999999994524 0.9999999999991718 0.999999999814438 0.9999999999985201 0.9999999999843259 0.002539003667186563 0.9999999999973375 0.9966197019716719 0.001618543185882466 0.9999999988531034 0.9999999999615905 0.8784915303095806 0.9999999999713154 0.9999999999860754
 1.410064183458302e-006 4.089390245479945e-007 0.9999999999999873 0.9999999686958762 0.9859103515445025 0.9996330460322688 4.429070115490199e-005 2.665880724706733e-007 0.9999999999300284 1.50260658726624e-006 9.30589709979489e-008 0.2738365571901949 0.0060693573695981 3.123207819293904e-006 0.9999830538708124 0.005704574490292512


