# Created by Octave 4.2.1, Sun Apr 22 07:20:43 2018 GMT <unknown@unknown>
# name: i
# type: scalar
4934


# name: t
# type: scalar
101.5052609443665


# name: h2
# type: matrix
# rows: 9
# columns: 16
 1 1 1 1 1 1 1 1 1 1 1 1 1 1 1 1
 0.004112400813043194 0.1783297678062033 0.04922135698754949 0.9838084852445015 0.0009845089342331624 0.977933792914812 0.7636125851094014 0.0106828413030446 0.069852025610548 0.04442931160433831 0.02185950775241278 0.00479308420678558 0.9629759418765779 0.9791986604782563 0.9476266594151952 0.1899306593512363
 0.005621915808355506 0.07504823770868556 0.9022030426317812 0.9127788318010213 0.005335955504604538 0.9262693144236978 0.1784347318103779 0.08976449087132594 0.2113053531433831 0.4911914548200528 0.0682974180128323 0.02104351647558909 0.6373727870218849 0.9825817817955239 0.1065513275657393 0.7175930811591178
 0.005795671618775503 0.04531985916142888 0.1145234041368266 0.9733366496924881 0.004194733671095773 0.9664361272907424 0.8569531216884297 0.03554147873698332 0.600119313444803 0.1604301565377906 0.03872937047529658 0.01652084275541228 0.9102869213657754 0.990025682245446 0.5701508139882308 0.8717779604581258
 0.9024396650879976 0.9006819757164315 0.05754600683628012 0.9833191611897769 0.0466291425611601 0.9511613533396223 0.9544461319324369 0.02784008821832376 0.754686825413617 0.01771735254664739 0.250772685942918 0.03926543286590852 0.9571997693090896 0.9699970096755963 0.9880814257670317 0.1383056700965878
 0.001547566404376162 0.02544555541031146 0.2445091515316694 0.2678626148420878 0.001371521269810101 0.6547216550005511 0.5102953489840968 0.06285757574623971 0.3946233560329193 0.6733880688694859 0.02445906834082745 0.01407195841077587 0.1950947436982855 0.9954275724393997 0.02834117287989535 0.9789483471372032
 0.3283380435018148 0.9748118047591178 0.7275281747932278 0.9948859754692618 0.07898154252046388 0.9774163454021221 0.9809465424387555 0.05120412227377923 0.9614416104816733 0.02082059911919162 0.9284686182548972 0.2134397483348407 0.9847300485397018 0.9939658883911332 0.9968713084431425 0.1588164986016687
 0.01461428773952261 0.1181749975245242 0.9550876495859324 0.9946980937317631 0.01523580575440323 0.9905946681258976 0.9167997620796509 0.9001127067234703 0.9679730754118501 0.9400119945549743 0.7397587651451429 0.6604644996719179 0.4795846141215979 0.9983936466363706 0.1940416382163844 0.9540372670965355
 0.005823554208787541 0.2354991856172451 0.01831530252721006 0.9281711804932101 0.002019413189214183 0.9236322089638637 0.5505242840710141 0.005342797698207487 0.03866969330375626 0.01595640304837257 0.01638137130451513 0.003378372857777498 0.8706421573688642 0.1666615816403332 0.7818133824800098 0.03376610568944526


# name: h3
# type: matrix
# rows: 5
# columns: 16
 1 1 1 1 1 1 1 1 1 1 1 1 1 1 1 1
 0.9962752019835643 0.9994018544790155 1.028588242098537e-005 0.9529885959683774 0.5692545436381979 0.4628989455770921 0.5523519684261922 8.090344058363484e-005 0.001158380488591239 2.582843784933989e-007 0.0102471717508246 0.002081109601094441 0.9998462543894937 0.0008896096715350506 0.9999988848629263 7.186281712519421e-008
 0.9988239993162903 0.995832535341212 0.9576496448738852 0.0001121679033793065 0.9998322532905267 1.081295063232046e-005 0.0006269993259104091 0.9972009202531558 0.1411331613094891 0.5982298002340859 0.998347956718373 0.9991396296474996 0.001653574363323854 3.142788396782538e-006 0.1753312742529583 0.0006771563943521073
 0.9999889333408185 0.9999972107498348 0.004057457124516947 0.004199587438061971 0.9971615821429458 0.0002408068580218954 0.5616861544954457 0.3342995874896391 0.8782987499677486 0.0001307870524721135 0.9981489950213406 0.9275514365001881 0.5831914920143758 3.114494663242519e-005 0.9998637994549507 5.90042040494422e-007
 0.6708024925471839 0.002834359464079632 0.2039523288902617 1.162802592530945e-006 0.9974733005198437 1.892146732552141e-006 4.207896221815562e-005 0.9976169670933988 0.003531719062256352 0.9959960497740179 0.114905042005643 0.9920736233306472 3.218818884224585e-006 1.371742846800927e-005 1.792024891786486e-005 0.8531172998209539


# name: h4
# type: matrix
# rows: 9
# columns: 16
 1 1 1 1 1 1 1 1 1 1 1 1 1 1 1 1
 0.9992296336114612 0.9999979243518033 6.510212798886511e-013 0.9985118753053911 0.001530139415788374 0.002750769188649926 0.989739857251418 5.710545416577376e-014 0.002467560369333934 1.692974686968989e-014 2.611254192133648e-006 3.644611671842728e-010 0.9999999028191121 2.42760927373899e-008 0.9999999989274055 1.410575679936571e-011
 9.364622936004969e-005 0.9691670424097865 0.3274571748484393 1.197580193421985e-008 0.007998965150867201 0.002571761345464993 0.9980688004707305 0.000541323790678479 0.9999999999992191 3.063293775099435e-007 0.999999999995967 0.9995984542176994 0.01092663053118193 0.9966848790110787 0.9968267673173773 2.455477750241179e-005
 0.9999999962231021 0.9999999999390337 0.0002529203607623653 0.02490708306153195 0.9999300286447599 3.162590629874392e-006 0.01219619351205976 0.0001683230673441549 0.0001695958017562536 9.453100883806192e-009 0.9917133607376646 0.1697703111642709 0.9828011405851828 6.843359460829596e-010 0.9999900112846104 3.556356530023726e-012
 0.9999999765857689 0.9999997949453402 0.009834080179387182 1.244523615176767e-009 0.9999999986952548 1.006896660763065e-008 0.00743375273576917 0.9985659120337471 0.9991226986032866 0.001799553374328905 0.9999999982419983 0.9999999994045443 0.00174483831292126 7.89406756126093e-008 0.9974473571110457 1.199396440763e-006
 0.7045839986130975 0.001639563946346952 7.28850149564068e-010 4.520040982344575e-005 0.9992503871180205 0.001063481558607296 0.9980115164546354 0.006002270517482046 0.9999996069293842 0.006066558093785525 0.7836165872113316 0.9999010341390312 0.9770183154218653 0.02225119419347697 0.9999676805939524 0.9961634489886146
 0.003738051890346277 0.9958404532615073 0.9972731506436184 0.9999960755482947 5.755510161026843e-005 0.9999990499758639 0.9999982380224274 0.0004589815010476952 0.9999988929835615 0.006829574004708647 0.9984467017094646 0.0003397136090711834 0.9999934589499598 0.99999974981026 0.9999750581623004 0.7467807495885492
 0.9999949502107952 0.9982186214272996 0.9999620397000155 8.769168117534954e-005 0.9999998853409779 0.0002535568730437012 0.0001538322806358262 0.9999999760140302 0.004351763162620105 0.9999861345610874 0.9999242543473931 0.9999999657817887 5.862755711022908e-005 0.0006893746652965899 0.0007961290728368741 0.5390612495779685
 0.9997714499921462 0.9923009859727391 0.03136086593440455 0.9999992483906452 0.998447322887964 0.9999499165444633 0.9999882846761916 0.6909121122633247 0.9959698098546745 0.9913676645065853 0.04576667297268158 0.8180867015619507 0.9999997496965709 0.9973919591157248 0.9999990026237973 0.9999727099981237


