# Created by Octave 4.2.1, Sun Apr 22 07:20:43 2018 GMT <unknown@unknown>
# name: i
# type: scalar
4934


# name: t
# type: scalar
101.5052609443665


# name: h2
# type: matrix
# rows: 9
# columns: 16
 1 1 1 1 1 1 1 1 1 1 1 1 1 1 1 1
 0.004112400813043194 0.1783297678062033 0.04922135698754949 0.9838084852445015 0.0009845089342331624 0.977933792914812 0.7636125851094014 0.0106828413030446 0.069852025610548 0.04442931160433831 0.02185950775241278 0.00479308420678558 0.9629759418765779 0.9791986604782563 0.9476266594151952 0.1899306593512363
 0.005621915808355506 0.07504823770868556 0.9022030426317812 0.9127788318010213 0.005335955504604538 0.9262693144236978 0.1784347318103779 0.08976449087132594 0.2113053531433831 0.4911914548200528 0.0682974180128323 0.02104351647558909 0.6373727870218849 0.9825817817955239 0.1065513275657393 0.7175930811591178
 0.005795671618775503 0.04531985916142888 0.1145234041368266 0.9733366496924881 0.004194733671095773 0.9664361272907424 0.8569531216884297 0.03554147873698332 0.600119313444803 0.1604301565377906 0.03872937047529658 0.01652084275541228 0.9102869213657754 0.990025682245446 0.5701508139882308 0.8717779604581258
 0.9024396650879976 0.9006819757164315 0.05754600683628012 0.9833191611897769 0.0466291425611601 0.9511613533396223 0.9544461319324369 0.02784008821832376 0.754686825413617 0.01771735254664739 0.250772685942918 0.03926543286590852 0.9571997693090896 0.9699970096755963 0.9880814257670317 0.1383056700965878
 0.001547566404376162 0.02544555541031146 0.2445091515316694 0.2678626148420878 0.001371521269810101 0.6547216550005511 0.5102953489840968 0.06285757574623971 0.3946233560329193 0.6733880688694859 0.02445906834082745 0.01407195841077587 0.1950947436982855 0.9954275724393997 0.02834117287989535 0.9789483471372032
 0.3283380435018148 0.9748118047591178 0.7275281747932278 0.9948859754692618 0.07898154252046388 0.9774163454021221 0.9809465424387555 0.05120412227377923 0.9614416104816733 0.02082059911919162 0.9284686182548972 0.2134397483348407 0.9847300485397018 0.9939658883911332 0.9968713084431425 0.1588164986016687
 0.01461428773952261 0.1181749975245242 0.9550876495859324 0.9946980937317631 0.01523580575440323 0.9905946681258976 0.9167997620796509 0.9001127067234703 0.9679730754118501 0.9400119945549743 0.7397587651451429 0.6604644996719179 0.4795846141215979 0.9983936466363706 0.1940416382163844 0.9540372670965355
 0.005823554208787541 0.2354991856172451 0.01831530252721006 0.9281711804932101 0.002019413189214183 0.9236322089638637 0.5505242840710141 0.005342797698207487 0.03866969330375626 0.01595640304837257 0.01638137130451513 0.003378372857777498 0.8706421573688642 0.1666615816403332 0.7818133824800098 0.03376610568944526


# name: h3
# type: matrix
# rows: 5
# columns: 16
 1 1 1 1 1 1 1 1 1 1 1 1 1 1 1 1
 0.9962752019835643 0.9994018544790155 1.028588242098537e-005 0.9529885959683774 0.5692545436381979 0.4628989455770921 0.5523519684261922 8.090344058363484e-005 0.001158380488591239 2.582843784933989e-007 0.0102471717508246 0.002081109601094441 0.9998462543894937 0.0008896096715350506 0.9999988848629263 7.186281712519421e-008
 0.9988239993162903 0.995832535341212 0.9576496448738852 0.0001121679033793065 0.9998322532905267 1.081295063232046e-005 0.0006269993259104091 0.9972009202531558 0.1411331613094891 0.5982298002340859 0.998347956718373 0.9991396296474996 0.001653574363323854 3.142788396782538e-006 0.1753312742529583 0.0006771563943521073
 0.9999889333408185 0.9999972107498348 0.004057457124516947 0.004199587438061971 0.9971615821429458 0.0002408068580218954 0.5616861544954457 0.3342995874896391 0.8782987499677486 0.0001307870524721135 0.9981489950213406 0.9275514365001881 0.5831914920143758 3.114494663242519e-005 0.9998637994549507 5.90042040494422e-007
 0.6708024925471839 0.002834359464079632 0.2039523288902617 1.162802592530945e-006 0.9974733005198437 1.892146732552141e-006 4.207896221815562e-005 0.9976169670933988 0.003531719062256352 0.9959960497740179 0.114905042005643 0.9920736233306472 3.218818884224585e-006 1.371742846800927e-005 1.792024891786486e-005 0.8531172998209539


# name: h4
# type: matrix
# rows: 9
# columns: 16
 1 1 1 1 1 1 1 1 1 1 1 1 1 1 1 1
 0.9992296336114612 0.9999979243518033 6.510212798886511e-013 0.9985118753053911 0.001530139415788374 0.002750769188649926 0.989739857251418 5.710545416577376e-014 0.002467560369333934 1.692974686968989e-014 2.611254192133648e-006 3.644611671842728e-010 0.9999999028191121 2.42760927373899e-008 0.9999999989274055 1.410575679936571e-011
 9.364622936004969e-005 0.9691670424097865 0.3274571748484393 1.197580193421985e-008 0.007998965150867201 0.002571761345464993 0.9980688004707305 0.000541323790678479 0.9999999999992191 3.063293775099435e-007 0.999999999995967 0.9995984542176994 0.01092663053118193 0.9966848790110787 0.9968267673173773 2.455477750241179e-005
 0.9999999962231021 0.9999999999390337 0.0002529203607623653 0.02490708306153195 0.9999300286447599 3.162590629874392e-006 0.01219619351205976 0.0001683230673441549 0.0001695958017562536 9.453100883806192e-009 0.9917133607376646 0.1697703111642709 0.9828011405851828 6.843359460829596e-010 0.9999900112846104 3.556356530023726e-012
 0.9999999765857689 0.9999997949453402 0.009834080179387182 1.244523615176767e-009 0.9999999986952548 1.006896660763065e-008 0.00743375273576917 0.9985659120337471 0.9991226986032866 0.001799553374328905 0.9999999982419983 0.9999999994045443 0.00174483831292126 7.89406756126093e-008 0.9974473571110457 1.199396440763e-006
 0.7045839986130975 0.001639563946346952 7.28850149564068e-010 4.520040982344575e-005 0.9992503871180205 0.001063481558607296 0.9980115164546354 0.006002270517482046 0.9999996069293842 0.006066558093785525 0.7836165872113316 0.9999010341390312 0.9770183154218653 0.02225119419347697 0.9999676805939524 0.9961634489886146
 0.003738051890346277 0.9958404532615073 0.9972731506436184 0.9999960755482947 5.755510161026843e-005 0.9999990499758639 0.9999982380224274 0.0004589815010476952 0.9999988929835615 0.006829574004708647 0.9984467017094646 0.0003397136090711834 0.9999934589499598 0.99999974981026 0.9999750581623004 0.7467807495885492
 0.9999949502107952 0.9982186214272996 0.9999620397000155 8.769168117534954e-005 0.9999998853409779 0.0002535568730437012 0.0001538322806358262 0.9999999760140302 0.004351763162620105 0.9999861345610874 0.9999242543473931 0.9999999657817887 5.862755711022908e-005 0.0006893746652965899 0.0007961290728368741 0.5390612495779685
 0.9997714499921462 0.9923009859727391 0.03136086593440455 0.9999992483906452 0.998447322887964 0.9999499165444633 0.9999882846761916 0.6909121122633247 0.9959698098546745 0.9913676645065853 0.04576667297268158 0.8180867015619507 0.9999997496965709 0.9973919591157248 0.9999990026237973 0.9999727099981237


# name: h5
# type: matrix
# rows: 16
# columns: 16
 0.9999999999998801 1.24461319970685e-014 2.730570362019912e-032 7.951320344198871e-016 5.051143256053235e-014 1.256565592197485e-041 4.025198327735066e-029 5.274137957787621e-014 6.439928263857234e-053 1.196617726630455e-017 3.076175341162643e-036 3.080779987408426e-027 4.057662899601599e-014 3.852014973495283e-053 9.846148371105085e-024 4.256548584337439e-035
 2.57842196474057e-014 0.9999999999999176 1.378527648534601e-015 3.541809232601682e-014 3.995939692987597e-033 1.13477312337287e-026 6.598006649775442e-027 2.15711322513076e-014 1.087747223834023e-030 7.995180094334128e-024 2.726441135143844e-014 1.231861671869575e-026 8.190747026925402e-032 5.491118456609044e-018 1.457460881529382e-014 2.996871463391082e-046
 5.924628700929291e-044 2.607330317018111e-024 0.9999999999999498 1.682833475593314e-018 4.213942856942667e-045 9.598417943849036e-016 4.818479763963802e-030 2.946003077265713e-022 1.585267446544339e-040 2.647166896173733e-014 1.621257667565552e-014 8.451414185178927e-037 2.194685702084558e-035 1.350705143176093e-014 1.035892279153844e-047 2.880727751592509e-025
 7.932170163667636e-015 7.746506757154073e-017 7.609498065404221e-016 0.9999999999998941 2.799260167606416e-046 7.019017588402978e-014 1.784753886741129e-014 1.295342353261914e-016 3.35876797535178e-044 3.800590463865272e-015 7.454773728180933e-050 7.148364125699412e-046 1.774214624999208e-014 6.630225984758011e-024 2.81400053582291e-028 8.464321141664541e-033
 4.847991158879018e-014 1.078821602355134e-045 4.13811413929972e-031 3.799515176687794e-049 0.9999999999998912 4.557408609739563e-026 2.706049720290339e-052 2.52000789813413e-014 5.441033942212716e-029 6.938726943707277e-015 2.025976206232653e-014 1.28995130579565e-014 3.181720999687785e-023 3.706794278850832e-038 8.980105647429504e-035 1.69507275750658e-014
 2.727239280526407e-066 7.88736232555056e-074 8.381994662938278e-015 7.496653242739383e-014 4.309285223731251e-045 0.9999999999998077 1.420300646260347e-053 1.216521416722877e-017 1.623021365316815e-031 1.898981624370774e-014 2.31596067264763e-059 5.985773707242842e-060 2.116149840941616e-040 6.588312826434783e-014 9.442882409969845e-070 2.391451367856467e-014
 4.376575578019262e-031 6.305291469560548e-034 5.005686641922932e-020 5.089637776607463e-014 1.699380004109851e-041 5.443651056508702e-028 0.9999999999999105 3.779538738925206e-037 1.290818151877691e-014 2.92757840281172e-027 4.994009352683625e-028 1.535756071055215e-014 8.164134725085226e-015 2.004914099611011e-014 1.513347183818966e-014 1.254877606501523e-016
 7.83222829024498e-015 1.758527019042105e-025 8.651780835958886e-015 1.119844348811453e-019 1.125995413268301e-014 2.398166782152052e-016 1.04991623166526e-042 0.999999999999915 1.360737901137937e-015 5.029673230315677e-014 5.18981494928299e-023 1.388030269990745e-014 1.223050797618495e-043 1.46197734065156e-030 5.731829213595489e-034 1.976032089893386e-025
 1.824015507220512e-041 3.450920036829489e-041 6.645069733256817e-026 1.449622937409315e-025 4.317512502653032e-028 3.099939113865954e-014 4.097207145988047e-017 1.648992461381699e-018 0.9999999999998896 4.321242558139297e-039 9.012124346717856e-017 4.673015750083557e-014 2.186384755811955e-032 3.176244622772907e-014 2.924298016114198e-014 9.970647870995024e-018
 3.862588632888485e-023 7.039375240889369e-047 1.503648242846145e-014 1.157897280456417e-016 7.648984755163211e-024 1.019837393823742e-014 1.049436719805276e-036 5.342631356810395e-014 7.434728919439478e-060 0.9999999999999059 4.304215023731744e-056 9.285957222087441e-034 1.406696895185281e-027 6.474024776032194e-026 6.774069146772294e-064 2.358046010405525e-014
 1.723839163552941e-029 1.078807944317296e-014 4.691215589324634e-014 2.709417307973654e-044 1.682560603303185e-014 1.274945875884807e-028 2.509308272618352e-038 1.678816230358353e-021 1.139466572782726e-014 7.419760935432349e-034 0.9999999999999358 9.139504302982753e-015 2.691866639733804e-033 9.336809256778567e-019 2.027364942760572e-015 8.835673069286837e-035
 2.946235005413902e-021 9.822410795540356e-031 2.647028012167511e-024 4.169906632369088e-044 9.342564482614442e-016 3.75275431991064e-041 2.18534429559159e-015 4.912680156313304e-014 3.181195900813878e-014 1.677878853067341e-014 2.964757560154312e-014 0.9999999999998979 1.721727452967693e-043 4.285112189228003e-021 1.873294980671173e-025 1.1102529647506e-024
 5.456571404748914e-015 4.070925485173597e-030 1.221442357436245e-022 3.351313375248355e-014 2.875631255910909e-015 4.392773411174501e-017 9.190919421698828e-017 8.839615914012387e-041 3.838645575241712e-037 5.992578732955629e-025 7.71112665074397e-021 2.200890439679418e-040 0.9999999999999227 2.695155902108476e-026 2.966428896281767e-014 2.252594997650856e-014
 2.647658836956615e-063 6.830468462538453e-037 2.570430215566112e-014 3.812474250591299e-029 2.441705734843728e-051 7.137177527944492e-014 2.400696502359426e-014 1.711997733187524e-034 2.23505602798591e-014 3.272495431596283e-021 2.324973015753049e-024 4.508578207779765e-021 1.000473759250006e-043 0.9999999999998834 3.928237770263991e-033 1.477633808717036e-031
 6.705884141906397e-015 4.079635591798292e-014 5.878093732072219e-052 2.472091954858898e-030 3.657924585047909e-025 1.242372103332507e-041 1.144368291864744e-014 2.57706091155161e-039 6.035843944844624e-014 4.294918325631322e-054 1.691761153473054e-014 4.53427568055483e-022 6.789481357558033e-014 1.152332240260449e-027 0.9999999999998392 7.019521392017544e-050
 3.045824222472349e-039 2.516054103811638e-072 1.740240409083304e-014 3.969058517357419e-031 1.990047580923553e-014 4.247867200555106e-014 1.448353205396017e-014 5.678343580661163e-029 1.338238848009562e-014 3.29121466228985e-014 1.474048532203597e-027 2.257596828861427e-015 1.923454083510352e-014 2.385958539563773e-024 1.059679773762635e-041 0.999999999999861


