# Created by Octave 4.2.1, Sun Apr 22 07:57:40 2018 GMT <unknown@unknown>
# name: i
# type: scalar
93105


# name: t
# type: scalar
1588.266737937927


# name: h2
# type: matrix
# rows: 9
# columns: 16
 1 1 1 1 1 1 1 1 1 1 1 1 1 1 1 1
 0.0473256312507571 0.9056971998146295 0.08949190764857695 0.8494829853151765 0.1472692780359254 0.912229158317031 0.00915386365683824 0.1958386101752902 0.5868422867633475 0.0617566855024055 0.3688196823588548 0.1271002428727373 0.2272087074230843 0.03968643498419396 0.06844410494287105 0.3388119236961117
 0.07271723404136596 0.9648299721743585 0.3639844043150653 0.8630606406950214 0.4891659554738114 0.949690271562874 0.03400681147916278 0.3754622185236152 0.8380790561850842 0.4596111984122027 0.8739209689821934 0.5354342953312475 0.7999587925058061 0.2253663140752747 0.1089484413986705 0.8702108251527239
 0.07836019331995177 0.9361775785725974 0.1881071936778887 0.8664493859886778 0.349439754205849 0.9328878221906763 0.02111014525458463 0.3520421738803039 0.7656050393418249 0.1670894664647631 0.6292894382196215 0.2812034846136905 0.486399029348089 0.1133181797494203 0.09805368061631732 0.6483438784014643
 0.1063897589730047 0.9515160559221117 0.7165618325515242 0.7417915553324127 0.6018256963131586 0.8930710424684647 0.06200213074574237 0.5927253989542967 0.8103336024084929 0.6709308484713534 0.8789569092820747 0.669298683270093 0.7800618257505935 0.611684190421892 0.1636112902585748 0.8878045442003865
 0.01759818644551473 0.5610131051413449 0.4803448885243031 0.123629525936822 0.8372972901743747 0.07823542584388704 0.7227763135951213 0.58773865322513 0.7512771898409842 0.8582619255131759 0.9148838953605321 0.3917405020799198 0.8561975319504609 0.8391018468121553 0.03913310478252694 0.8892929439908456
 0.01396625488058482 0.8570103969635654 0.1675570424292677 0.1000600764952636 0.08232552546426493 0.2728870875975151 0.02269246642038419 0.07683206021211703 0.1923725076787291 0.805388066791053 0.2668359949132681 0.1634005550283481 0.9035802930708892 0.2879260856681094 0.01542589364309417 0.8746933630091497
 0.3708373460491334 0.9688734612164043 0.8397779110168672 0.9768379542830665 0.8973582964353386 0.9772940939302266 0.03309280163679482 0.9035095171772183 0.9518667682007732 0.1427110838807131 0.9212777493930607 0.8069081227330955 0.08631729650968288 0.4149999741220394 0.5222682540982433 0.3243276819878057
 0.08179490968321167 0.9100799206386193 0.1099913571182234 0.9186513461398969 0.5082874281375971 0.9357065814916656 0.008897931030648986 0.5874889005545548 0.8065974036921235 0.04826930728804582 0.5335900721963116 0.1838717877078801 0.102107902554925 0.04340416969164922 0.1840982211457007 0.1828157634484139


# name: h3
# type: matrix
# rows: 5
# columns: 16
 1 1 1 1 1 1 1 1 1 1 1 1 1 1 1 1
 0.6862529731135002 6.988014064054244e-009 0.004841151072678048 2.813484806985833e-008 0.000737782645210927 4.965826947427987e-009 0.9963494900694166 0.0003855110144144189 6.459793327975219e-007 0.3837737015920649 7.553734711109047e-006 0.001366496774543656 0.0196784845795244 0.4455783938629937 0.2580687912880381 0.0006785634812623784
 0.9942889442040302 3.230390894294594e-005 0.920159304295147 2.222042405461933e-005 0.4243380557953495 7.582146011930051e-006 0.9998203314065922 0.250687168880362 0.000813153125917294 0.9973856502407603 0.01960169784409504 0.708955514952712 0.9317402285919796 0.9974935697617295 0.9795427785244615 0.5150611949183139
 0.9995230869146164 0.00200198459925013 0.9945906136182239 0.5974737782409244 0.9955913415919961 0.1299652816832985 0.9992171194964431 0.9968511652012464 0.668912870158149 0.1523117312408829 0.6669226802875191 0.9857024853126581 0.004184896428229391 0.9844882525329151 0.9995818397962686 0.00327480648124448
 0.03255142267100471 0.5385359005682631 0.6615462699497994 0.001777038588224115 0.8080551130362073 0.00282901128353884 0.9421933217264742 0.2951222957056285 0.4372744120749221 0.9995815184939663 0.9413619791537284 0.4531036500453157 0.9996818926847141 0.9915513879415878 0.02257314668579456 0.999333640080071


# name: h4
# type: matrix
# rows: 9
# columns: 16
 1 1 1 1 1 1 1 1 1 1 1 1 1 1 1 1
 0.9999995031920018 0.2234122797501167 0.9999999998198039 0.3786290736054597 0.9999999997875526 0.0002509581986599438 0.9999999999999722 0.9999964978880889 0.9997163315448312 0.9999998749473623 0.9999999531376982 0.9999999764140913 0.9999924686220129 0.9999999999998945 0.9999971607204503 0.9999219571740681
 0.9999855500275103 0.9997583563658325 0.9999819782273469 0.9998568134334324 0.9999762041841183 0.9996799210093376 0.9999956151292776 0.9999556343414173 0.9999158471453442 0.9999651606609384 0.9999481469157097 0.9999733837305684 0.9999294921450839 0.9999921761613774 0.9999764992097709 0.9998980188642201
 0.9999999915201637 5.088401735084641e-009 0.9833407291948945 1.530452031058092e-007 0.001180905787979025 2.415453674704799e-008 0.9999999997785898 8.292210414320203e-005 8.761029560052401e-008 0.9997309120155287 4.79671558320207e-008 0.4839954835600443 0.5014461273689893 0.9999965614044962 0.999982449433144 0.0001098203858015192
 0.9999845520695347 2.792513704414931e-008 0.0008466683045828316 2.595878151378565e-007 4.639216072409822e-005 2.971577348931092e-008 0.9999999985400545 9.910727772483401e-006 5.594752177581385e-007 0.4992858965229209 1.021878064921003e-006 0.0001718070620095273 1.913081621233573e-005 0.9959721683704673 0.3714464748153137 9.622746508200275e-007
 0.9999242262216266 0.3794956189684078 0.9999969957030764 0.9999994572184918 0.9999972021894574 0.9984893232559773 0.06287535550399413 0.9999999829343141 0.9999918676008581 6.244886584794304e-005 0.9991785288920185 0.9999997076695655 0.0006537548638668296 0.9758576234879118 0.9999997309025974 0.002493224036328802
 1.688443946230811e-007 0.9999968829852655 0.9071271401480385 0.0002071256442036843 0.9142037231683503 0.4920275738980919 0.3505203890406516 0.0001865544394073417 0.2127158263028048 0.9999999993374975 0.9998198278056128 0.05949677787159226 0.999999999997301 0.9956433847438592 5.498878454216232e-006 0.9999999999766798
 0.9999999955485841 6.509250864960813e-007 0.9999999663724923 1.401465869555529e-005 0.999217047255207 1.032449331827034e-007 0.9999999999972407 0.5718632712097478 0.0004029787690867152 0.9999994017533147 0.0118311591341944 0.9999863927697532 0.999893479139107 0.9999999999316092 0.9999999151993814 0.4625683061437015
 0.9999430358064481 0.9997813053910786 0.9999641484048565 0.9998358276966525 0.9999678611602052 0.9996612988683449 0.9999828728090702 0.9999396613545725 0.9999123948644209 0.9999242894895861 0.9999518223694137 0.9999520775563249 0.9998892065879917 0.9999794946196217 0.9999317207053572 0.9998819376310115


