# Created by Octave 4.2.1, Sun Apr 22 07:57:40 2018 GMT <unknown@unknown>
# name: i
# type: scalar
93105


# name: t
# type: scalar
1588.266737937927


# name: h2
# type: matrix
# rows: 9
# columns: 16
 1 1 1 1 1 1 1 1 1 1 1 1 1 1 1 1
 0.0473256312507571 0.9056971998146295 0.08949190764857695 0.8494829853151765 0.1472692780359254 0.912229158317031 0.00915386365683824 0.1958386101752902 0.5868422867633475 0.0617566855024055 0.3688196823588548 0.1271002428727373 0.2272087074230843 0.03968643498419396 0.06844410494287105 0.3388119236961117
 0.07271723404136596 0.9648299721743585 0.3639844043150653 0.8630606406950214 0.4891659554738114 0.949690271562874 0.03400681147916278 0.3754622185236152 0.8380790561850842 0.4596111984122027 0.8739209689821934 0.5354342953312475 0.7999587925058061 0.2253663140752747 0.1089484413986705 0.8702108251527239
 0.07836019331995177 0.9361775785725974 0.1881071936778887 0.8664493859886778 0.349439754205849 0.9328878221906763 0.02111014525458463 0.3520421738803039 0.7656050393418249 0.1670894664647631 0.6292894382196215 0.2812034846136905 0.486399029348089 0.1133181797494203 0.09805368061631732 0.6483438784014643
 0.1063897589730047 0.9515160559221117 0.7165618325515242 0.7417915553324127 0.6018256963131586 0.8930710424684647 0.06200213074574237 0.5927253989542967 0.8103336024084929 0.6709308484713534 0.8789569092820747 0.669298683270093 0.7800618257505935 0.611684190421892 0.1636112902585748 0.8878045442003865
 0.01759818644551473 0.5610131051413449 0.4803448885243031 0.123629525936822 0.8372972901743747 0.07823542584388704 0.7227763135951213 0.58773865322513 0.7512771898409842 0.8582619255131759 0.9148838953605321 0.3917405020799198 0.8561975319504609 0.8391018468121553 0.03913310478252694 0.8892929439908456
 0.01396625488058482 0.8570103969635654 0.1675570424292677 0.1000600764952636 0.08232552546426493 0.2728870875975151 0.02269246642038419 0.07683206021211703 0.1923725076787291 0.805388066791053 0.2668359949132681 0.1634005550283481 0.9035802930708892 0.2879260856681094 0.01542589364309417 0.8746933630091497
 0.3708373460491334 0.9688734612164043 0.8397779110168672 0.9768379542830665 0.8973582964353386 0.9772940939302266 0.03309280163679482 0.9035095171772183 0.9518667682007732 0.1427110838807131 0.9212777493930607 0.8069081227330955 0.08631729650968288 0.4149999741220394 0.5222682540982433 0.3243276819878057
 0.08179490968321167 0.9100799206386193 0.1099913571182234 0.9186513461398969 0.5082874281375971 0.9357065814916656 0.008897931030648986 0.5874889005545548 0.8065974036921235 0.04826930728804582 0.5335900721963116 0.1838717877078801 0.102107902554925 0.04340416969164922 0.1840982211457007 0.1828157634484139


# name: h3
# type: matrix
# rows: 5
# columns: 16
 1 1 1 1 1 1 1 1 1 1 1 1 1 1 1 1
 0.6862529731135002 6.988014064054244e-009 0.004841151072678048 2.813484806985833e-008 0.000737782645210927 4.965826947427987e-009 0.9963494900694166 0.0003855110144144189 6.459793327975219e-007 0.3837737015920649 7.553734711109047e-006 0.001366496774543656 0.0196784845795244 0.4455783938629937 0.2580687912880381 0.0006785634812623784
 0.9942889442040302 3.230390894294594e-005 0.920159304295147 2.222042405461933e-005 0.4243380557953495 7.582146011930051e-006 0.9998203314065922 0.250687168880362 0.000813153125917294 0.9973856502407603 0.01960169784409504 0.708955514952712 0.9317402285919796 0.9974935697617295 0.9795427785244615 0.5150611949183139
 0.9995230869146164 0.00200198459925013 0.9945906136182239 0.5974737782409244 0.9955913415919961 0.1299652816832985 0.9992171194964431 0.9968511652012464 0.668912870158149 0.1523117312408829 0.6669226802875191 0.9857024853126581 0.004184896428229391 0.9844882525329151 0.9995818397962686 0.00327480648124448
 0.03255142267100471 0.5385359005682631 0.6615462699497994 0.001777038588224115 0.8080551130362073 0.00282901128353884 0.9421933217264742 0.2951222957056285 0.4372744120749221 0.9995815184939663 0.9413619791537284 0.4531036500453157 0.9996818926847141 0.9915513879415878 0.02257314668579456 0.999333640080071


# name: h4
# type: matrix
# rows: 9
# columns: 16
 1 1 1 1 1 1 1 1 1 1 1 1 1 1 1 1
 0.9999995031920018 0.2234122797501167 0.9999999998198039 0.3786290736054597 0.9999999997875526 0.0002509581986599438 0.9999999999999722 0.9999964978880889 0.9997163315448312 0.9999998749473623 0.9999999531376982 0.9999999764140913 0.9999924686220129 0.9999999999998945 0.9999971607204503 0.9999219571740681
 0.9999855500275103 0.9997583563658325 0.9999819782273469 0.9998568134334324 0.9999762041841183 0.9996799210093376 0.9999956151292776 0.9999556343414173 0.9999158471453442 0.9999651606609384 0.9999481469157097 0.9999733837305684 0.9999294921450839 0.9999921761613774 0.9999764992097709 0.9998980188642201
 0.9999999915201637 5.088401735084641e-009 0.9833407291948945 1.530452031058092e-007 0.001180905787979025 2.415453674704799e-008 0.9999999997785898 8.292210414320203e-005 8.761029560052401e-008 0.9997309120155287 4.79671558320207e-008 0.4839954835600443 0.5014461273689893 0.9999965614044962 0.999982449433144 0.0001098203858015192
 0.9999845520695347 2.792513704414931e-008 0.0008466683045828316 2.595878151378565e-007 4.639216072409822e-005 2.971577348931092e-008 0.9999999985400545 9.910727772483401e-006 5.594752177581385e-007 0.4992858965229209 1.021878064921003e-006 0.0001718070620095273 1.913081621233573e-005 0.9959721683704673 0.3714464748153137 9.622746508200275e-007
 0.9999242262216266 0.3794956189684078 0.9999969957030764 0.9999994572184918 0.9999972021894574 0.9984893232559773 0.06287535550399413 0.9999999829343141 0.9999918676008581 6.244886584794304e-005 0.9991785288920185 0.9999997076695655 0.0006537548638668296 0.9758576234879118 0.9999997309025974 0.002493224036328802
 1.688443946230811e-007 0.9999968829852655 0.9071271401480385 0.0002071256442036843 0.9142037231683503 0.4920275738980919 0.3505203890406516 0.0001865544394073417 0.2127158263028048 0.9999999993374975 0.9998198278056128 0.05949677787159226 0.999999999997301 0.9956433847438592 5.498878454216232e-006 0.9999999999766798
 0.9999999955485841 6.509250864960813e-007 0.9999999663724923 1.401465869555529e-005 0.999217047255207 1.032449331827034e-007 0.9999999999972407 0.5718632712097478 0.0004029787690867152 0.9999994017533147 0.0118311591341944 0.9999863927697532 0.999893479139107 0.9999999999316092 0.9999999151993814 0.4625683061437015
 0.9999430358064481 0.9997813053910786 0.9999641484048565 0.9998358276966525 0.9999678611602052 0.9996612988683449 0.9999828728090702 0.9999396613545725 0.9999123948644209 0.9999242894895861 0.9999518223694137 0.9999520775563249 0.9998892065879917 0.9999794946196217 0.9999317207053572 0.9998819376310115


# name: h5
# type: matrix
# rows: 16
# columns: 16
 0.9999999997122433 4.933052796177671e-049 1.740525875978798e-051 9.250486503046666e-012 3.603764654329589e-049 4.588147233459415e-026 1.238072652035409e-010 2.598061056705972e-017 1.074493385659903e-021 8.646924734568071e-048 1.571915982682906e-047 1.917972456220857e-022 8.621355298611305e-062 4.069215120928808e-024 1.848944636590201e-010 4.821280400953743e-058
 3.118375777035066e-066 0.9999999997356845 2.903778661117639e-029 2.149714560451844e-038 9.600052175976742e-027 1.643142721091158e-010 1.342908668227427e-045 2.972448321089431e-058 3.104521543810466e-044 5.343210029675133e-019 1.51638577980308e-013 2.674768703298728e-061 3.744003540800418e-017 4.384887428960656e-027 2.477623588733919e-065 1.137284049300826e-010
 6.365587117767642e-034 5.708772131057007e-013 0.9999999998525599 4.785006539984923e-017 1.283869525541463e-018 2.97046970307084e-011 6.800258783446229e-038 2.146372919964748e-023 8.874362066710943e-019 4.659970555050268e-015 7.865978328744174e-013 1.734922748898083e-011 6.864142443887046e-011 2.446229755387175e-026 6.415722481594339e-011 2.944001528030926e-022
 2.811535687524958e-022 7.197106526411955e-041 5.211219157478043e-066 0.9999999996152784 1.956136599199421e-064 1.641389260096922e-010 1.203722283275782e-042 7.952198691252852e-011 1.272484039053821e-010 1.755194343205598e-074 4.646363493075566e-050 8.333576606953228e-023 8.560649262042924e-073 5.953256435462516e-072 2.233164822243402e-021 1.146025334103207e-061
 4.016768824624569e-032 8.881989878006298e-023 2.215334383362256e-023 6.93789417939213e-027 0.9999999998860398 1.347908553371403e-021 5.261083955347832e-034 6.397711642327687e-011 7.964300533676772e-030 4.698629626620709e-029 5.282800709162383e-025 1.403229377298726e-011 5.561332171981115e-011 1.30348340461616e-026 3.530487850034484e-030 3.028943689931495e-013
 1.165328518989712e-049 1.677789398594934e-010 1.512615159384138e-051 2.654736182801602e-010 1.088679157656626e-049 0.9999999995885203 1.360293044375865e-058 1.608556627066387e-045 3.56970500671945e-045 8.860105343184149e-061 4.292974748897571e-048 1.711611915696683e-047 4.016450816020183e-059 1.730182812103657e-053 8.803858939717605e-049 4.203550335795162e-057
 6.240154305857726e-011 4.972323976294865e-030 2.810159173077681e-053 3.038803679446106e-042 1.107704753286903e-050 7.32891541480699e-042 0.9999999999068656 6.725543299044665e-047 3.290941853182479e-045 5.529819209353855e-011 4.388804396781854e-047 5.685971565504732e-050 8.967751409348739e-030 6.862513092896304e-013 2.931274232454284e-036 2.06981588053016e-026
 1.30097823790468e-036 1.499959191316897e-048 2.08101238630416e-067 6.537538202554439e-011 1.699910832171877e-018 6.152148046578574e-035 4.311019360115959e-046 0.9999999992675332 3.331381248937872e-010 4.46452031512679e-069 6.805191535694953e-040 3.451315923854427e-010 1.050043318252088e-042 2.47084162679633e-074 7.944024274237939e-035 1.640577664443272e-027
 2.173941250615495e-032 2.744585215074362e-036 2.13925093449636e-052 2.166857121773524e-010 1.32882008222015e-049 1.883034716797166e-036 2.612041112363009e-035 2.365209359457789e-010 0.9999999993724698 1.422396407847018e-049 1.926314935829377e-010 4.950703694692111e-031 1.759417718264688e-047 1.354556858987313e-055 1.261307648459375e-031 1.333094761445391e-023
 7.821647704319201e-037 5.161606924942582e-021 5.30010425708778e-011 1.061498590450529e-058 8.065995660085773e-053 8.6187680152895e-043 1.535094234837377e-010 7.837360979144345e-071 5.713962824220917e-060 0.9999999996094111 6.217698453255295e-041 5.794041888026117e-053 2.151784760420559e-010 3.773505498203955e-012 5.183157635329323e-034 1.638792024800341e-026
 6.655159168686886e-050 6.439216394268135e-011 3.908870374816089e-026 7.956764213991036e-029 5.844808846712363e-023 1.79810109654361e-024 6.200657842729442e-047 5.690405038670437e-033 1.713685195831841e-010 1.463099623841508e-030 0.9999999997322164 8.128184759258828e-046 1.580483027325025e-028 3.751373761661468e-025 2.987792708670617e-049 7.423441673525828e-011
 4.592702695543787e-044 1.410151514039137e-052 1.198397539930228e-011 7.784258805840341e-032 2.109334548686676e-012 5.112089130844302e-041 2.417965757816529e-049 4.998876258491033e-010 5.064687278279794e-041 1.582267682604356e-037 3.003327643216935e-059 0.9999999990001953 7.784880212200074e-011 1.758667004318729e-067 4.486026199326055e-010 1.576073208227323e-035
 3.370509223264803e-066 5.479761466804855e-027 7.679976453953e-011 4.849575086101367e-055 2.847242766209164e-014 5.535662677587557e-045 1.893382347879644e-042 2.494417452175485e-041 1.100291617094235e-056 1.34707486720752e-010 7.007029807811022e-045 6.493189559993177e-025 0.9999999996310065 4.211136670696165e-051 1.284402547609263e-039 1.774008688533956e-010
 7.59089928464391e-015 7.449448447095955e-012 1.665380705106495e-021 1.336091553941667e-033 6.887766372843587e-019 3.432925602468975e-019 5.187683634603936e-012 1.098334503807576e-039 4.039981622153125e-032 5.947556142425161e-011 9.117601764027909e-013 3.581455973329871e-041 3.186948829308951e-024 0.9999999999313514 3.937814340958258e-033 9.039157690832491e-021
 3.612118150912274e-010 9.326655476166894e-055 3.022754099365908e-011 1.924666551064079e-026 4.249550692201384e-064 1.310741922351529e-040 3.952350582560977e-016 3.052003957805138e-032 1.323254307765874e-036 2.971271516469485e-022 1.856400016187843e-062 3.325128632687604e-010 3.379964067845144e-034 1.505723851402724e-042 0.999999999289745 1.249533352517905e-058
 1.567054039002814e-078 1.77982597621053e-010 7.305898587802866e-056 7.624399582641189e-045 3.089290645363676e-011 1.306869079499179e-037 1.823285806666204e-050 1.144808521770634e-034 1.531471598447905e-033 1.054925282015476e-033 1.322315074763308e-015 1.815945449407765e-052 1.767624758111135e-010 1.936125120205084e-055 1.110387958662129e-077 0.9999999996322078


