# Created by Octave 4.2.1, Sun Apr 22 08:34:23 2018 GMT <unknown@unknown>
# name: initial_Theta1
# type: matrix
# rows: 4
# columns: 17
 -0.04014011412089129 0.09389087417041761 -0.0896170361243884 -0.07105239659584592 -0.05111138244908571 0.007602497187025298 0.04758944511599181 0.03076437030039122 0.03661267965426662 -0.001627882859330729 0.009708453707805459 -0.1119749376845859 -0.02577798443798676 0.04889541822956892 -0.1047785243971053 0.04606618170137985 -0.1091076028882474
 0.071340470251783 0.02688978209023132 -0.04508009861132903 -0.07588938542737994 0.01949818542641216 -0.1022642384327572 -0.06072408976660038 0.0977991259501535 -0.04722055539869875 -0.106819576521354 0.05271775672093024 -0.07884642396064688 -0.07527651292270174 -0.1171803522675656 -0.09386413433414371 0.03502353998174501 -0.1133469168578288
 0.08954341871102425 -0.0571244582674805 -0.004335736609421173 0.01508632628146458 0.02901706223267853 0.05259069070788425 -0.1045517063014948 0.05337434717241582 0.06378656159691681 0.1059084311350473 -0.01484645138309156 -0.08132200528365553 -0.09529043107920868 0.05736433868249879 0.05275343112459321 0.03800402926640936 -0.06769707262304947
 -0.01661275230640423 0.003544143572006025 0.1035928825455935 0.08412991958422489 -0.08360374208279672 0.02624683480611009 -0.1013510633663316 0.014203665235547 -0.04833718460716534 -0.03082393312084467 0.05623541019731562 0.03320269157793385 0.1190043841319036 0.1026310096520655 0.008549710893978379 -0.0002228842015101762 0.1046026262579413


