# Created by Octave 4.2.1, Sun Apr 22 08:18:59 2018 GMT <unknown@unknown>
# name: initial_Theta2
# type: matrix
# rows: 16
# columns: 6
 -0.1089606701069547 0.03570177773030411 0.1147763435458661 0.1058594695225245 0.08918595884008584 0.08347579207320199
 -0.02454952030285407 0.1114986951703479 -0.02241570378052694 0.08634080803910218 0.09170880854049845 -0.07403928494152297
 -0.0343965059425777 0.01513335854698675 -0.04089627440334673 0.03640590873722443 0.02485656502428224 -0.06547213085451439
 0.002625301082084613 -0.1001556625822126 0.04673965218938833 0.008302564121442035 -0.0906541493074952 -0.004821653486536612
 -0.04760782587497364 -0.003583320890102853 0.0887669316287775 0.01283586588092125 -0.02601009449461636 -0.05533771765799488
 -0.1096608325304475 -0.08629989924642253 -0.03163153173131165 -0.1165960224819824 -0.06842188352536217 0.07097305337907944
 -0.05936428253103766 0.09033023040472452 -0.03635809748990115 0.04539071710488868 0.08823035616485625 0.06259116233008449
 0.1158640440918342 -0.1114076264230774 0.02097388825973878 0.00715451319985802 0.00892879114992276 0.08764861298461415
 0.02883251329418798 0.03090779386958831 0.04152244818169787 -0.01273920245592378 0.08530675594893217 -0.09463925720385358
 -0.01329234211056157 -0.1006302773276352 -0.09095577375104474 0.05560138339971984 -0.03415514784614035 0.04404751821371644
 0.06123196968455696 -0.1058988107443962 -0.07936272321809176 -0.117045299606032 -0.02641169254308472 -0.007984758917458701
 -0.03782262952172948 0.04350570204505197 -0.110848789280109 0.1099254886669553 0.0363387774172694 0.0841523311085049
 0.1088540457951138 0.05127828389567124 0.03628145099497604 -0.0221187075864701 -0.1179292799717858 -0.02506620263154752
 -0.1068958546392539 -0.06198890372527363 -0.0374190857110155 0.1123552884867432 -0.09696271100158961 -0.1017853424997273
 -0.06423437157976272 -0.004178507551074712 -0.09705584181715599 0.01174063593066524 -0.03075293611333632 -0.1163324364242824
 0.06789325655056305 0.07148403733159864 -0.1122598051565855 -0.02680869361974395 0.07126962726646308 0.1061584783086972


