# Created by Octave 4.2.1, Sun Apr 22 09:02:14 2018 GMT <unknown@unknown>
# name: initial_Theta1
# type: matrix
# rows: 3
# columns: 17
 -0.039303788110868 0.1092693284345538 0.09142973727383272 0.07584892288517364 -0.1019730818440077 0.02587098891554293 -0.04573304476393621 0.0315255032224514 0.02635992434881126 0.07711442805300245 -0.0579920372120355 0.04153913778498622 -0.103239956565765 -0.02327479062680586 0.01046967416317746 0.07039029201055153 0.07615766323803816
 -0.04264280827138392 0.09399378003451656 0.03273207715747983 0.1190639252119601 -0.1153259079713949 0.01087143146323191 -0.07042773910402921 -0.01918009924168178 0.1136038735749103 -0.02170243063780876 -0.03154985391521808 -0.07555137234477034 0.07539808410525642 -0.09435012228442016 -0.06873637801538005 0.01637834794013757 -0.03641297554001061
 -0.02086691070954326 0.04380104111979241 0.03030988965470099 0.002826023021264515 0.05410549435749668 0.08107675618413462 -0.09026440376027477 -0.05765903395895423 0.04554917874603029 0.03806818849093854 -0.1167022179663715 0.1186315859962493 -0.07122332765900732 -0.00574917609830991 0.1015034574237809 -0.09018778703439154 0.02036568381982412


