# Created by Octave 4.2.1, Sun Apr 22 08:31:12 2018 GMT <unknown@unknown>
# name: initial_Theta2
# type: matrix
# rows: 16
# columns: 5
 -0.07243397536513456 0.01484961125903769 -0.0571845755192201 -0.0262955739623147 -0.1157807182688988
 0.07515865209632822 -0.0583006346874913 -0.02043512453050483 0.0717645307605291 0.005284278822659388
 0.0859637341854026 -0.05694194372554852 0.09750248519446666 0.02743028061521555 0.03696528782613187
 -0.07722729419331752 0.07007360100147664 -0.002022199258793586 -0.04458682322013376 -0.05985289059883974
 0.08881861990310233 0.04755287486730972 0.0870712203614423 -0.008017046215576265 -0.04166420937943495
 -0.08658011258790994 0.07408199100535132 0.01717596294716189 -0.01278565486847213 -0.05301164002024232
 0.08349077117085932 0.02886591353201506 -0.06929616903378311 0.005674979955175213 -0.09616454905047922
 -0.01600881004942033 -0.08012932947242687 0.09772077595732248 -0.08671912236593521 -0.05871599742856876
 -0.09707948984831855 0.09651362101975189 0.09820366364275149 0.05503806768833253 0.03254530654565388
 -0.01506004921055681 -0.06440616820709541 0.00727581065268354 -0.009357245531676939 -0.08130672595842121
 -0.07884034323864908 -0.05088248336305257 0.04153880126529963 0.02994490491871885 0.07804103608059718
 0.0461439577196282 -0.07525930819512655 -0.1004440294252584 0.007529246106265708 -0.0170582811268767
 -0.09048414361435797 0.03874821790348551 -0.004519881105179341 0.03580593022645495 0.0151047168288149
 -0.02831064133407395 -0.01190034897014682 -0.09551029471945752 0.09235062304718414 0.09890275386056169
 -0.08440387020305878 -0.09399907139664064 0.03814098169074268 0.01939936941828571 0.007277548410221796
 -0.03183263318524666 0.07547352037035773 -0.02445272265105834 -0.04713825495733087 -0.01313901277331923


