# Created by Octave 4.2.1, Sun Apr 22 08:29:50 2018 GMT <unknown@unknown>
# name: initial_Theta1
# type: matrix
# rows: 4
# columns: 17
 0.009026746775784661 -0.07735594269538561 -0.001863784099254681 -0.08967966406148427 -0.1160643014488759 0.04405050718556 0.0463512317424162 0.05355979606248143 0.08326495288704444 0.04823992809512764 0.1120031854192183 -0.1055658111896636 0.05664990457615798 0.1193815105772874 -0.03750006007232419 0.09124847430518526 0.03027499212707344
 -0.07261637496072673 0.09074073154252174 0.1056602174729567 -0.07682032640138267 0.07165934299012613 0.0540537319493144 0.007736245462551111 -0.07544745478124883 0.08092454542355051 0.009239158981886875 0.03111360758253767 0.04286493229354665 0.1165460014570299 -0.1130532861591693 0.07306764212391903 0.002088818359858843 -0.02786555293461603
 0.03299909247945662 0.05719881931367324 -0.04346945799943926 -0.03845884056046489 0.07499816678455423 0.004126565480344888 0.000973788919366933 -0.06829127813345764 -0.1061076945530838 -0.1040019919560445 0.03462657962352822 0.119663321396584 -0.04773615565289385 0.05611000539586261 0.07997071171931586 0.1116293409309785 -0.09835192440958788
 -0.1183399693133857 0.03930601485926019 -0.001485889558241749 0.05480472393686794 -0.004593576142238043 -0.0578363997540188 0.08717858446010093 0.05403933902243854 0.1104172480961734 0.1166487909684304 -0.01809482667749598 0.03872669837619502 -0.08339138315149273 -0.01757727178018507 0.08820410431659867 -0.07766313041725258 0.05541828708698029


