# Created by Octave 4.2.1, Sun Apr 22 08:31:12 2018 GMT <unknown@unknown>
# name: initial_Theta1
# type: matrix
# rows: 4
# columns: 17
 -0.1194992697266037 -0.09567122835960107 -0.005790168110125629 0.01800629886504321 0.09454294635904953 0.113755461358961 -0.07656714353067283 -0.1027132187260026 0.1186253066683034 0.009782697379835614 0.101490432457941 -0.1100511433710346 -0.09640576854943697 -0.06599410009772569 -0.09999124687948789 -0.1119195212139288 0.09495343919944965
 0.1000533355637852 -0.09900950757153082 -0.08125379221470394 0.09192055330905968 -0.0581213368328921 0.05932885641638372 -0.07186144988001614 -0.103651764395199 -0.00756541554930458 0.08448543408504025 -0.00950538966402277 0.023975309738404 -0.1150662048615555 -0.1178687421376214 0.0433553611463619 -0.1048535282998121 -0.09264216215465527
 -0.09606871455857917 -0.1065572136968576 -0.08879705089029639 0.01653925231655848 0.1004672871470185 -0.05828669506134597 0.002078814346456528 -0.08773648594539589 -0.07524384224127426 -0.04907253235560335 -0.07054619334643183 -0.05055315976659631 -0.03787615850773139 -0.0935193779031958 -0.02177167967050056 -0.114811822570781 0.01960368813434701
 -0.04355395636635567 -0.1158732484626761 -0.007464059634771911 -0.02758495295793741 -0.01006894792268818 0.09911999186077824 0.1111816539678978 -0.1168052829281368 0.02803067846720739 -0.04527817170180602 -0.04187821097080778 -0.09980679900369926 0.1125111906490243 -0.1051780365483246 0.02698807612255069 -0.03560027390488087 -0.1012869579725977


