# Created by Octave 4.2.1, Sun Apr 22 08:35:36 2018 GMT <unknown@unknown>
# name: initial_Theta2
# type: matrix
# rows: 16
# columns: 5
 0.08647088046871834 0.06742368779012617 -0.01107994668441135 -0.02362395972359677 -0.1084829181120177
 -0.01156076288331051 0.008279193870282142 -0.08040633363997343 -0.05203188770392157 -0.04799297699579866
 0.05293011118140456 -0.007859047653070036 0.09776161320483365 -0.09650604012103964 -0.1196697785220402
 -0.02782845083256172 0.04519217745817142 -0.1132451889806666 0.0901136173926135 0.02786951032362775
 -0.07135199952636496 0.04022508189255838 -0.1104263705499805 -0.1018302593192349 0.004136505571696314
 0.08786840228229417 -0.1004856225954376 -0.03707451207957671 -0.02537468952830504 0.01705615915522243
 0.0142975181675315 -0.0699644125775922 0.08597322687898137 -0.06084094430628735 -0.011635602652069
 0.0470922624146273 0.08593055761171053 -0.071063338653507 -0.08595213554979297 0.09917130911633462
 -0.04327215943882648 -0.01586878311808411 0.1026427646565446 -0.09064686293495544 0.02716908696250955
 0.0343159915124723 -0.07698025634366798 -0.05877432859861019 -0.02373412647304249 -0.003419778573556354
 0.09384548882562177 0.03232877923014355 -0.05020406447711045 -0.03700932653343172 0.06148789883675096
 0.02005006246282437 -0.1147132397935642 0.04816852383176709 -0.005163618720795821 -0.0684223784322944
 0.03628208725088047 -0.02362357312515564 -0.01412793614128047 0.1107822703708257 0.01304318204244692
 0.01378517685275246 0.08129576825465515 -0.1012424378996892 0.1081796316564145 -0.01540452074398026
 -0.03182052658904463 0.1147684505419575 -0.08424709549385608 -0.01402570959160225 0.07673069817689221
 0.01116902851332055 0.1017213328634598 -0.02934996708824622 -0.05704959677513086 0.0467967504407597


