# Created by Octave 4.2.1, Sun Apr 22 09:02:15 2018 GMT <unknown@unknown>
# name: initial_Theta2
# type: matrix
# rows: 16
# columns: 4
 0.007588465631983621 -0.1188904931439316 -0.06555649447814726 -0.02895680100294466
 -0.09509271237794177 0.08354182572679972 -0.02345754896582902 0.06387366466437983
 -0.04866082859115983 0.08934110742428722 0.02826583137251237 -0.02842082104911453
 -0.1163688096748079 -0.06236114046434303 0.0699670515470345 -0.04573534627433942
 -0.1144458068027407 -0.004919059898370423 0.02811540771637938 -0.01187715639246198
 0.06727700902345507 -0.04018839192665613 0.03999808026809612 0.06453450880523665
 0.01590285701697761 0.0488411485123163 0.07715707617476097 0.03134038164744865
 0.005091552286609458 -0.02564741870946327 -0.1147817399105843 0.005427257043070927
 0.06304904894740049 0.02191106714080215 -0.02709895137165001 -0.02124035897297009
 -0.04746056162949971 -0.1071343127316589 0.114136968980501 0.01086776306643805
 0.004798708880131952 -0.07407890286638755 -0.02329590267804213 0.04458695608420951
 0.01550368288336648 -0.06747157550340872 -0.08756211602718728 0.08732508334761427
 0.1192289923992798 -0.05487709056176027 -0.0229503869401054 -0.07421626163238693
 -0.06445198561107608 -0.07948410950523885 0.03228401143918877 0.0139778590712368
 -0.01823133469715854 0.02930759586176646 0.08672769648109924 -0.0789469665137037
 0.003174779672978245 -0.09756136179042357 -0.02589252045095602 -0.08893980085082516


