# Created by Octave 4.2.1, Sun Apr 22 08:18:59 2018 GMT <unknown@unknown>
# name: initial_Theta1
# type: matrix
# rows: 5
# columns: 17
 -0.05656467613942705 -0.03841628868656873 0.09597811064323233 -0.1054283574845902 -0.03784921380527868 -0.105024258061161 -0.00598803573239591 0.03664370823987398 0.01751623377163347 -0.02297505381002714 -0.09860606009298625 0.03513577772253051 0.08278889495017538 -0.02399458039134998 0.0645980722973577 -0.1118153660179331 0.09045060876716321
 0.05749731507790529 0.01984019942429938 0.04552724867017793 0.1050070891951016 0.1125300368211106 0.06136254178149644 0.06579264751284117 0.0711573862065599 0.1052948542705868 0.08473581553999951 0.04733280924673017 0.004773526660156346 -0.09683115845850493 0.06804698884652349 -0.03249377362759863 -0.04777775556091009 0.008069302958619129
 0.1144287035460947 -0.02298788744508853 0.057623977984991 0.003515724523445854 0.1159534415385302 0.1106222804446374 0.01607077365454837 0.004937808416503014 -0.03157822110682885 -0.06087370765496351 0.07998654605465594 0.1199359202554571 -0.09005514618540551 0.03678877323867885 0.04433167510844488 0.09969606703935532 0.06624539643369329
 -0.02922576597160351 0.06816327346867365 -0.01336779620461853 0.08939815411569968 0.09664400159581513 -0.02967087738354929 0.08176764586505009 0.1098388632011648 -0.02346789006121268 -0.03060918320182382 0.09742304098653984 0.01353251177705905 0.07122311140474366 0.062458473940953 0.02929820973290806 -0.02201516438034729 -0.0206770087982549
 -0.09977617252185286 0.0531327043629059 0.1197618917705777 -0.02635206474751456 -0.0784532534719722 0.09636392195960045 -0.1150241377689744 -0.07316068406922407 -0.1153297226174183 -0.08000304470325199 -0.07504201333345897 0.1182166570925573 0.04372825300949112 0.07129710438679654 0.03225538494461358 -0.09060741546968092 -0.08767006882637797


