# Created by Octave 4.2.1, Sun Apr 22 08:27:44 2018 GMT <unknown@unknown>
# name: initial_Theta1
# type: matrix
# rows: 5
# columns: 17
 -0.07431854595494364 -0.02226901465191641 -0.1118739425341807 -0.1115455056947093 0.1193710993187272 -0.02709862206886988 -0.1187511467804289 0.1010656550416848 -0.0557937290056629 0.04428740593726208 -0.09398846240074532 0.04531446948969237 -0.08515225750546038 0.0725661506175361 0.04115385855940679 0.0306421096083275 -0.03039515202102823
 -0.04642895344973419 -0.1128963149418478 -0.1151396022989982 0.08743471880126835 0.1003417846448828 -0.07497985715150378 0.02965125165261481 -0.05355208760937727 0.05236901929349921 -0.04071834443113752 0.1181855854736417 0.03025991566896435 0.0943558102353341 -0.1140191792057942 0.04226899570845033 -0.04436327033959998 0.06122999294934936
 0.03736742232497287 0.01564556748062604 -0.06594057855708844 0.07578966701152676 0.09913532678146639 0.001988422587664407 -0.1114072159868737 0.04320289904694444 0.08929681384306073 0.04952054702700528 0.05151718712017245 0.1004389701266891 0.01310722691632055 0.0877066999468232 0.1168437997193528 0.0072080468186832 -0.007063201885256776
 -0.01660307434163852 0.04111049249524465 -0.01317054930050052 0.03075466137233324 0.105194195531916 -0.07909575702933497 -0.0691969508386592 0.02996178844507777 -0.0815448875085962 0.03253319773680552 -0.001897455118660282 0.1122262114603685 -0.028944122358447 -0.01575795109773784 0.06807942044637261 0.1150812977385063 0.04913132206275234
 -0.0787899535972602 -0.09608387086630235 0.02118680614688248 -0.05325215575570912 -0.07171983474770677 0.001974098463548735 2.332011612024565e-006 -0.1021107468687316 0.108046737038452 -0.1082371967923985 -0.006718769874341862 -0.06080995183326057 -0.04332820396481864 -0.04683596150626769 0.0349166282517914 0.1038658288882175 0.08871167284052534


