# Created by Octave 4.2.1, Sun Apr 22 08:26:50 2018 GMT <unknown@unknown>
# name: initial_Theta1
# type: matrix
# rows: 5
# columns: 17
 0.01081539861678102 0.08709502410559636 -0.09203189288291727 -0.06373916652080412 0.08988881860745734 0.09498850979392406 -0.06062139466333751 -0.02356361913331022 -0.08079751712991468 0.1030091826660436 0.1057850857100273 0.114916298205616 0.1156640773596562 -0.04876386295605332 -0.1064654013444375 0.1055309248651331 0.08795184936151454
 -0.02880147679873374 0.07412069087763126 -0.1124011868750434 -0.09858294695325223 0.09904513901335429 -0.09265029758668969 -0.07796347852922843 0.09111720776233548 0.07079032046742123 -0.08382885855356856 0.1121872657790993 -0.006212787767888084 -0.09517775318037602 0.1090290596255952 -0.04320630355234183 -0.07562857692416404 0.09787477120631433
 -0.06960112357842618 -0.05010628878578664 0.03936233465122163 0.03311835282540634 -0.08327119378229551 -0.1132408418620658 -0.01968083699028285 0.08884000669643188 -0.04346326402869101 0.03513595066540509 0.1078023100774473 0.06459381598030151 -0.08743124254619174 0.08410828692660041 -0.05359378178094276 -0.01860813240198025 -0.1194836844569007
 -0.08965034692434867 -0.02264484505258774 -0.01391905956129035 -0.03472195190504461 0.01553133066686047 0.005741404025945279 -0.1192535407175997 -0.001991159122024036 0.04085544678100775 -0.02439480764064751 -0.08611787298466494 0.08650618841787266 0.04491169298931205 -0.08297039625255684 0.0886834020392096 0.04993868166308885 0.04904233227297961
 -0.09786026676191874 0.06407179521129874 0.08307256578218897 0.07361591990161578 -0.01220588533359905 -0.09130562040222344 -0.08528944733394624 0.02418714094957516 0.07619843227838777 0.03839675452800348 -0.08760317837721018 -0.09954178545088224 0.002056637649694867 -0.05100718832611761 -0.02708745086913686 -0.03415517073050459 -0.03851793688882647


