# Created by Octave 4.2.1, Sun Apr 22 08:04:54 2018 GMT <unknown@unknown>
# name: initial_Theta2
# type: matrix
# rows: 16
# columns: 6
 -0.05374410724545625 0.01128822542096983 0.03927440559155354 -0.0691476920402731 -0.07950006576831087 0.06714973425417506
 0.04060117443264871 0.1067015680642875 0.09119772599734405 -0.0927301665348353 0.002412099058519954 0.06548195998845163
 -0.05371281779293752 0.07144009177688879 -0.0632311797594952 -0.04776881820724466 0.1163549868846623 -0.00979280237882367
 0.01821503677960309 -0.06143827242169299 -0.06910031680399384 0.01073544516140815 -0.06485304712318851 -0.04906544017132855
 -0.09503422560526549 0.08500057409162218 -0.09158433360447085 0.07164903575211401 -0.05613527193220721 0.02743854895932751
 0.1012953864166397 0.1197619571380254 -0.07305618655846527 0.01106668088142856 -0.007401177581942697 -0.09965226709401791
 0.04386118435515274 0.01892864453886747 -0.05883493562074892 -0.02531739737245492 -0.01224045170679365 0.07978931409370096
 0.07272604835651347 0.05769637725137752 -0.0388755893369192 0.09456527422608044 -0.03146324985491132 0.0944527204546888
 0.04596914166084518 0.02001711530873229 -0.09329345952238101 0.06588750318152797 0.06934799752468557 -0.04894741184826253
 0.08060577442810191 -0.05996544588257046 0.06092910723518169 0.06385614459207078 0.1000931250646594 -0.06753099536826788
 0.0587048529600461 0.0406036740915737 -0.03210123946191017 0.01565235686457642 0.05572488604090847 0.0188232573365229
 0.07692097426018368 -0.002611570096944682 0.01136502215641877 -0.03232879967434961 0.04014283458141762 -0.09059252825543612
 -0.01016228030460545 -0.05862934819645037 0.00421115498211766 -0.08786293077400008 0.07643793528678466 -0.04524509298176209
 -0.05316883598862879 -0.103068482065938 -0.01465460414589675 -0.07354997443079048 -0.02618411518166448 -0.07432702756584939
 -0.08562535113672161 -0.0152216671296848 -0.09272357748904957 0.02864875326227567 -0.00700479313777877 -0.03300470226429844
 0.01682912112095875 -0.02121793505027718 -0.05619834392052594 -0.01338025818243094 -0.0067643012994128 0.1141943534259366


