# Created by Octave 4.2.1, Sun Apr 22 08:29:50 2018 GMT <unknown@unknown>
# name: initial_Theta2
# type: matrix
# rows: 16
# columns: 5
 0.09246752467849204 -0.04578231446125097 -0.008745335147544026 0.0126211876058131 0.03807010235595498
 0.05744847635393291 -0.008019583419126342 0.07248464156860929 0.02254391941609579 -0.09037123120650956
 -0.06892272319140713 -0.003039641199630502 -0.07582760981571671 0.04495793695345496 -0.08158182668678629
 0.03135700248837925 -0.0564197220136984 0.06075277074515692 0.08466411259157111 0.06782460732558868
 0.0588039938626489 0.07050806758716632 -0.0009572970148104681 0.001767782473804408 0.09027021357991899
 0.102737249496687 -0.1016550045740514 -0.02394076212656096 0.04463188342386523 0.06262465384493462
 -0.09275326365042583 -0.04362559551736961 0.07305398875651528 0.00633733153727245 -0.03773141511703369
 0.07281199661743759 -0.0198131689185144 0.003156114534468207 -0.02439077272848646 0.0226155328478764
 0.07972592221853686 0.02144813522659034 0.01543020553372959 0.06746908561324147 -0.08583338780563568
 0.02416404670578837 -0.03980182223871526 -0.1064958177877085 0.04467082536320194 0.03939130367970203
 0.09836190832435329 0.07929178195730582 -0.0143167554613497 -0.08345419559287443 0.05049309074140915
 0.08032250885197603 0.03708987023697416 -0.1159109291575706 0.1105637606206734 0.07136761740790565
 0.05189224216040497 0.04336212775586856 0.1023484322983377 0.07646732950395077 0.02120713629163218
 0.1012053261676336 -0.01817426877566758 -0.008704359141494242 -0.03790402891341803 0.03804763715718612
 -0.1135112033262986 -0.03738290858562858 -0.02900278001121069 -0.03354602864838654 0.01331169436863913
 -0.01260037111876999 0.01329815334493012 -0.05970982418566558 0.01612958236988624 0.1014477928432218


