# Created by Octave 4.2.1, Sun Apr 22 08:35:35 2018 GMT <unknown@unknown>
# name: initial_Theta1
# type: matrix
# rows: 4
# columns: 17
 0.1038698710284978 -0.02595744938098164 0.02896390978470129 0.08539651721250424 0.002713195681848454 -0.04476358237567521 -0.1167145256781136 0.09911256332359017 -0.01640943535570136 -0.1066232460506755 -0.03317411248730368 0.08332008288634116 -0.05500670072253969 0.01982238522414881 -0.1029397322513116 0.01795952067099726 0.01793412063110697
 -0.05756399258227329 0.1100018455352307 0.02508059729934442 -0.01638740545614734 -0.01391096167012787 0.01085558522414068 0.03378459490324884 -0.007608830825016066 -0.05340739738704145 -0.09652158856047462 -0.09228402502610855 -0.088325028684563 -0.02728699376156304 -0.0543999038080956 -0.1134643831487747 0.03204073791557221 0.0676932140203548
 0.03405009548036519 0.05950693048980876 -0.04877767433492068 0.1179365754580854 0.0788472250793264 -0.02043657896334514 0.07021592930799722 -0.02397868259773255 0.02952772893402672 0.009681410859800399 -0.08134736661980987 0.1123371437382338 0.01575104743162195 -0.1164272594461956 -0.08292604705605473 0.1197518933029085 -0.04674268477606619
 -0.04858674892552499 -0.09805608615583082 -0.04686245341826052 -0.04829965198779981 -0.06485771345005958 0.02539846341760932 0.01833019514187831 -0.07696127342995551 0.04040836394226038 -0.08492696096865363 0.04392690998847776 0.05345756358171955 -0.08065466084197664 0.07980336336126095 0.1094802587801641 -0.03826667650698672 0.02982684767328214


