# Created by Octave 4.2.1, Sun Apr 22 08:04:54 2018 GMT <unknown@unknown>
# name: initial_Theta1
# type: matrix
# rows: 5
# columns: 17
 -0.04058794977971376 -0.003687634443314713 -0.06146726474268652 -0.02438815050397618 0.09858973963887807 -0.04529938013173156 -0.07423328575344751 0.06917107322337318 -0.02811762974224376 0.03610639876119742 0.004557913280082954 0.09594257362916575 0.004756190635350474 0.1034170488102093 -0.05702026948935275 -0.005318540762654894 0.06327691922910408
 0.05495896060909095 -0.01321650960013486 0.05803470272547301 0.06294069422920898 0.06948443387095612 -0.06716684575676626 -0.08843505066505111 0.101153649480843 -0.1042660948590837 -0.02772943770697076 -0.06004304994066267 0.05132976975402254 -0.01054107725153038 0.05683088906267508 -0.07366002845992112 0.09178891436770267 0.02405222220471212
 0.06780791266136127 -0.1039878042689743 -0.1048169209296856 0.06181456766081272 -0.08149997467226314 -0.07666837245258079 -0.005652511674466662 0.02659438291034763 0.0405711067564101 0.06125265841493013 -0.01255997088772806 -0.030727267966423 0.03027711855236107 0.05837899311729516 0.03604522820418965 0.05772346916999238 -0.06954486234003435
 -0.04901369804791587 0.00729617476797409 0.02799576053873057 0.02339591835469967 0.09421325976843359 -0.04824420276185368 -0.01583197728525754 0.06705071070597796 0.03116169886001907 0.08812427541993653 -0.07889735110214441 -0.1024471080642092 0.0654896216306507 -0.07681324812390412 -0.01500143278265503 -0.0754459260284463 0.06409312171511325
 -0.1000307016278498 -0.1148316669656486 0.01990722696871366 0.09732652269235656 0.04683634401057946 -0.03893795215603182 0.03624406596653523 -0.1058407241292648 0.0196865325791169 0.05408818972980048 -0.002206868268861906 0.0339200340316351 0.06672727981350904 -0.08061503350880905 -0.03881477913330168 -0.04610673376535231 0.1160845303926526


