# Created by Octave 4.2.1, Sun Apr 22 08:27:45 2018 GMT <unknown@unknown>
# name: initial_Theta2
# type: matrix
# rows: 16
# columns: 6
 0.1021252693434407 -0.02333716486754946 0.01654495870036035 -0.04760136238364415 -0.07459104601194667 -0.05633292108425124
 0.05158883586567747 -0.09963868405857973 -0.0600042423042717 -0.07598050352202054 -0.04923477184476913 0.01246282030502954
 0.1041688656555586 -0.1122352752275435 -0.07650294167036961 -0.08674715706310678 0.1047203485720308 0.02870352593119282
 0.1066529170498471 -0.02145593467044346 -0.08025673261564641 0.1021781135711368 0.08012530966670717 -0.09992445252956013
 0.1010311330149498 -0.07956771222117001 -0.01436505598034109 0.03445589767988069 0.04792462158838592 -0.1017445139691919
 0.007026097610258714 0.01851113734645274 0.07439997350847519 0.1045236670485384 0.08255112569082024 0.06325042601028869
 -0.1065728015025795 0.1102564561929215 0.06460298176672022 0.02417363202384748 0.050568798447721 0.02473583015986608
 -0.08218252406439741 -0.09994425575932123 0.001453031238650579 0.1027358289847084 -0.1188423666393079 -0.1123083282493318
 -0.04957619862935506 -0.1169496344563928 -0.119773805334441 -0.07911173661730193 -0.05712422876290865 -0.02409040662470706
 -0.01392436049999787 0.0630784912299828 0.01854414017978073 -0.06179910181984159 0.05145246079827223 -0.0360574740520665
 -0.09497335666966658 -0.006839744746690718 0.1084515968168263 0.03761264988370874 -0.1052604404847504 0.08738718576680182
 0.09097988265304746 0.09739897419147556 0.03377248495009189 0.005501677311171127 -0.08149982307889894 -0.006251151354430898
 -0.04622532707203819 -0.1195238655391992 -0.04316878435396695 0.02294306158364331 -0.0958490041217326 0.06508951046711825
 0.06046624265572142 0.1022364648575858 -0.101319873236019 -0.1102993577251187 0.01262332804040017 -0.04193023249642434
 -0.006047649575440184 -0.1083832243515701 0.00188900649969298 0.07747040796288307 -0.08949137934210065 -0.03439861951554758
 -0.04390868064605824 -0.1181315070746466 -0.04932037680109919 -0.003260232548588468 0.01129385544482009 0.05628374765307539


