# Created by Octave 4.2.1, Sun Apr 22 08:36:38 2018 GMT <unknown@unknown>
# name: initial_Theta2
# type: matrix
# rows: 16
# columns: 5
 -0.09298997408678297 -0.04430960669151382 0.06066109248992954 -0.1025027561381007 -0.1049399861086628
 -0.07053100413098418 0.07907015834622241 0.08872071820844357 -0.01092156114674482 -0.01470127090921988
 -0.05900253265872588 0.02249670342662585 -0.02382428514384877 0.009485807486558889 0.03834974184876691
 -0.09380184042672565 -0.05934684188029273 0.01220860236792182 -0.103304379378234 0.06447802856801743
 -0.04471080591567506 -0.1164245804739275 0.09654655182713015 0.06367852305751359 -0.1026278439537979
 0.03930593828225593 0.05831652957329447 -0.1026955155967738 -0.1065711212680561 0.05032982433064834
 0.07346624172944871 0.1040705992467601 0.1191518377957939 -0.09667081529865545 0.02377534544266596
 0.1032326297650115 -0.08046400527336633 -0.01900928516934511 -0.09201876269281747 -0.0637891766906248
 0.009830650793928059 -0.07207779508052661 0.08671395974250107 0.05272748392473853 0.01833941872246578
 0.07507450888037301 0.08173044145198316 -0.05674566933021986 0.0589568900193071 0.0646873675433394
 0.03368866609975116 -0.1153288023710224 0.05299530879599995 0.1142099624225311 -0.07096034585561269
 -0.04854201951246763 -0.02119536894717408 -0.003587165455615271 -0.07903513604653019 0.07480051852164396
 -0.05242023947063854 -0.04600329274130224 -0.07348357862013949 0.1024636628388645 -0.1088296873231514
 0.1166137623808306 0.07943329553687339 -0.1029579731331686 -0.08878322759850123 0.1141391796554663
 0.1043823607864092 -0.05981877330692696 -0.07896018520893408 0.1013223349164737 -0.01482581488946599
 -0.01869261967796294 -0.05899949171094467 -0.02953315682150771 -0.1172038914627053 -0.05229129248781511


