# Created by Octave 4.2.1, Sun Apr 22 08:26:50 2018 GMT <unknown@unknown>
# name: initial_Theta2
# type: matrix
# rows: 16
# columns: 6
 -0.08757882339277295 -0.09789261765691623 0.04991239378740586 0.03169518083484923 -0.01063068232129967 0.02145007070586649
 -0.0965292008132824 0.01534634558799064 -0.1198278300242214 -0.08021566553822279 -0.01561778729171047 -0.07612487623586207
 -0.09395764062118275 0.1006270809491102 0.005074596660904457 -0.1144715214043236 -0.01750654531520751 -0.0867473433026037
 0.02278691997928525 -0.04451790067967411 -0.03049230432918693 -0.06302664818324014 0.0623751981196819 0.03479364418647887
 -0.06683646475952673 -0.06947379285545051 -0.04574393817967425 -0.06569979413074441 0.0363770618407902 -0.1033763587770714
 0.09613575623595633 0.08103295353032766 0.02132963386574557 0.05647726061827499 -0.1197677790553607 -0.06367337100895917
 0.08312804629473663 0.04928104446985343 0.004787195170378608 -0.01612842475160138 -0.01664483860720883 -0.06787858909273253
 -0.1074762820583492 -0.1073968782245974 0.04177686446938381 -0.006995968480519393 -0.08265878678186721 0.02042482865460976
 -0.009100411794532817 0.06556925976278336 0.1113967353007637 -0.053669364254953 -0.06897303619253152 -0.07585189092891295
 0.09806489990330294 -0.0410558149835397 -0.005572135044547163 0.01492930662632258 -0.08588819276043576 0.06870225409201425
 -0.08996514929227584 -0.07028431497677179 0.01307294469355397 0.1081020081726776 0.03375598886163164 0.05504456774629116
 -0.06460925646482932 0.08391159816875141 -0.09354886563697884 -0.03892740327765837 -0.0941641219986499 0.09472858817021282
 0.08350391531258741 0.08206554771604221 0.07514471226527578 0.01699764242516738 0.06479840038254281 -0.01512697089770494
 0.04311383881067554 0.09334124888663517 0.0836547520992848 0.09539087807787799 -0.04563596881626171 0.04476635517201652
 -0.04624980785311066 0.06687460958322738 -0.0902059948263543 -0.09014561873629588 0.08039857156577312 -0.08750101172354666
 0.1187084490070837 -0.02772989753283478 -0.08514585863725684 -0.03519521445456671 0.004635176013955314 -0.009378392592662307


