# Created by Octave 4.2.1, Sun Apr 22 08:25:54 2018 GMT <unknown@unknown>
# name: initial_Theta1
# type: matrix
# rows: 5
# columns: 17
 -0.01659097297205075 0.06260964260071653 -0.05294677656132149 -0.0537094071569769 0.06924143181040052 -0.09844685172972163 -0.07027070326263811 -0.02493357034342725 -0.0113575756685324 -0.03273907941586961 -0.02158523504445882 0.09734624552241358 -0.08210480726482035 0.05050732294360674 0.04542555777167276 -0.04888509813474136 -0.03142133664732762
 0.09648063007146848 0.0182481351968071 -0.10965989004486 0.04709210681425841 0.0520702570955332 -0.02045730110743994 -0.04410905357201816 0.09958011466316027 0.08860442661604728 0.09519114499188325 -0.1185429387446143 -0.07950739925373435 0.03505232489986893 0.01002387840659394 0.1074495902380641 -0.04456894088097242 -0.08762719499219503
 0.003361746425128542 -0.03292356028816935 0.09778288587471948 0.02703412435568817 0.0605573655775713 0.03553709432488558 -0.08346119758506683 0.03851413111012575 -0.09090943607354207 0.06864034874470262 0.009697556782069905 0.003625890943760535 -0.005661877242736174 -0.08024757278089523 -0.02295286523832489 -0.0321263369525098 0.03105648451790302
 0.08234868722214442 -0.1101409000460746 0.1055513197589873 -0.07375525700706259 0.09905044924411993 -0.002222335267244649 0.02554860157629718 -0.07561177196894045 -0.1057493242544286 -0.02565860817650609 0.01064019065753349 -0.03148337180261995 -0.06511080217567247 -0.06543449792274553 -0.01180839447000927 0.01148710049152202 0.1008128997497185
 -0.004316295205127288 -0.1046339064612039 0.02085595586943481 -0.01147142644541031 -0.008088830996443128 -0.08571020930612064 0.1115672093001799 -0.01202099196421895 0.07430213978960365 -0.08980648327581339 0.01920827259576527 0.08109545255638614 -0.1072757179962983 -0.008007732769545972 0.0003276313989762913 0.1026396831778202 -0.08087839056250955


