# Created by Octave 4.2.1, Sun Apr 22 08:46:40 2018 GMT <unknown@unknown>
# name: initial_Theta1
# type: matrix
# rows: 3
# columns: 17
 0.01080201371289657 0.1057744115013412 0.01106999997666558 -0.04553411304656801 -0.1151400822093118 -0.09428843830182632 -0.01061340658619159 0.03164737446015356 0.01220550851396995 0.005234678667367265 0.1071539969923288 0.01771470960199142 0.1012983627148725 0.008461337548463899 -0.05904963032339973 -0.01158658096761393 0.09183187590161512
 0.04318874672922832 -0.1117116571405817 -0.05366487789324174 0.02200255383460015 0.0163118726793712 -0.1180969072415998 -0.08153684751483024 0.06165593891732965 -0.06286107023747112 0.04505268584221728 -0.02164147003827585 -0.03664052148862404 -0.1183375439462494 0.03631243217332333 -0.05912128035339957 0.1016941881056502 0.05710236418483747
 -0.03227570098689798 0.03133305529504518 -0.09130302149752358 -0.01560788661707804 0.03330410511478635 -0.07951965615545185 -0.01537785871314409 0.009257763413757114 0.05488589075938455 -0.09490332052008056 0.002260701579818739 0.0917864038671464 -0.05844554611431228 0.07969633777376375 -0.08637326501939434 0.1029109980737146 -0.1120811559092746


