# Created by Octave 4.2.1, Sun Apr 22 08:59:36 2018 GMT <unknown@unknown>
# name: initial_Theta2
# type: matrix
# rows: 16
# columns: 4
 -0.03225860972243051 -0.09566464073597937 -0.06937715796848501 0.05511552507930875
 -0.1069086186777193 -0.05336072254548607 0.07823407560775913 -0.1043636921208137
 -0.06893452584761228 0.01299043682318926 0.1174400289744638 -0.06798061965599192
 0.006495277308999597 -0.08100408315596733 0.1123925198184522 0.07676612056378646
 -0.07908639823628091 0.03508456357843787 0.03761215433364473 0.03739956282869555
 0.1123078892462118 0.02129771868022567 0.06343251309054468 0.05839824986746664
 -0.06660391580737154 0.09398614559419366 -0.0967517035291113 -0.1175145652149909
 -0.04526898939620864 -0.1137774798696769 -0.07631123100764453 -0.0285173925031775
 0.02551256519307704 -0.02217818418404091 0.06136996728834246 0.07390073587624366
 0.09734100141749166 -0.02194762230611595 0.04092560633453332 0.02036337462602586
 0.05696519523767113 -0.03085776885830735 -0.06677919623711573 0.07704680134260589
 -0.01382007667678502 0.04655761902804287 0.03768688809400236 -0.1065139739901684
 -0.0009001898387902829 -0.1173659208647902 -0.09195805684504449 0.03269861051471629
 0.1057069672491885 -0.002746768516159986 -0.1097886598567456 -0.02553312090563055
 -0.04758650970480903 -0.08895336523346617 0.1169423089336286 0.1156372567554827
 -0.03407361250011806 0.04139502747363227 -0.02034113282314849 0.06928176959341548


