# Created by Octave 4.2.1, Sun Apr 22 08:49:13 2018 GMT <unknown@unknown>
# name: initial_Theta2
# type: matrix
# rows: 16
# columns: 4
 0.06008191186633538 0.07024789538357903 -0.02520329587375025 0.04186966243794515
 0.01137549159053361 -0.1064048340667593 -0.07117981777165849 -0.1084203313716246
 0.01788840667022878 -0.01236923047657827 -0.07383316672255817 0.1097625982500832
 -0.0683955061567869 0.111799971237916 0.05377521109153754 0.07543068954761056
 -0.003120137302950091 -0.01613785087269748 -0.02220238771977069 -0.03192304062783258
 -0.1187648938345541 -0.1081660527654678 0.03834005977924795 -0.02831278155254517
 -0.03991984210607394 0.02082712122750038 -0.04907410055297984 -0.09282728407727121
 -0.03041617653528964 0.0362462591127527 0.1098513984309836 0.1131026935772273
 -0.02033401061800021 0.03440468974766694 0.006117117057099997 0.0062270477646858
 0.09171180939797025 0.1138149528509469 -0.09539461460958162 -0.002647796884056933
 0.03219754864764746 0.09220423141237646 0.02423957636988824 0.01126261861947589
 0.07853260338531176 0.08370355549793271 -0.1127408043344282 -0.1023521187847734
 0.07219840413990644 -0.08052835904385301 0.0238626213827777 0.01880101903691492
 -0.07991273409076616 -0.1152870059921082 0.02453355803845222 0.07078313804321648
 0.1088535356642153 -0.0257364451418047 0.05851098352839662 -0.1062004745301047
 -0.05365373818704453 0.08315684104996487 0.03154831323093912 -0.01614599595025037


