# Created by Octave 4.2.1, Sun Apr 22 08:34:23 2018 GMT <unknown@unknown>
# name: initial_Theta2
# type: matrix
# rows: 16
# columns: 5
 0.02273655968352231 0.0003940689916307749 -0.0744342378727379 0.06773633171248961 -0.03642376581218995
 0.0774902627648652 -0.01573244865168043 0.009707477602626746 -0.02167690388230843 0.04197589301194898
 0.03010623358755357 -0.03992663136514003 0.03869658765589301 0.07493748454014021 -0.104471029697693
 -0.05453307138988404 -0.0722893316428313 0.03557623756939485 -0.114970763505696 -0.1105497586787544
 -0.03829257014113767 -0.01018233324879325 0.07259806294842447 -0.07378683059206076 -0.05002926666820892
 -0.05131585540412649 0.001494709601046779 -0.08320063141564525 0.01207575525264398 -0.07532819297614102
 0.0771987275699445 0.07770631919591631 0.06989585852798119 -0.01962221738094969 -0.05821108473950551
 0.03699718102385374 0.1129182787879412 -0.08848753727122233 -0.009667832815557775 -0.06995996347621738
 0.05476477647917247 -0.05005136825055326 0.07274900422914823 -0.06653751761782789 0.04432882846588831
 0.04471316535843145 0.04405576558901711 -0.04900151054072863 0.03817060096732761 -0.04137284576666418
 -0.01158171815831988 0.1134594221362683 -0.004240386380298028 0.03840343102971042 0.08388116073180418
 0.05722981103188143 -0.004786524465568098 0.1107654027313886 0.04019617595491423 -0.02917985176800969
 -0.07796512783228007 0.08111980623749279 0.1197594000364428 -0.06003159734189872 -0.0411957404658036
 0.01714457182735685 -0.0392264435272988 -0.09060166501804848 -0.1075529333103434 -0.01011139744774006
 0.03480101819617462 -0.05118020927317213 0.1008404800023579 0.02033316794820461 -0.1180814416953278
 -0.0883283697183033 0.1011653811063074 -0.02821851579186667 0.01294238239436121 -0.01371882416613431


