# Created by Octave 4.2.1, Sun Apr 22 08:36:38 2018 GMT <unknown@unknown>
# name: initial_Theta1
# type: matrix
# rows: 4
# columns: 17
 -0.01984742415517701 0.07708311663148701 0.103149990503998 -0.08644967810976059 -0.01549742889754736 -0.04824401784527067 0.1185463395520638 -0.03224291887703037 -0.08461821157909175 0.07386683347866643 -0.08224518606425241 0.02912009728302037 0.1139421804945561 0.07900446118055537 0.09544708080217254 -0.05242935779992448 -0.0267215541295044
 0.02214931860465369 0.01098185840790641 -0.01299485070691343 0.0670679909147506 0.04899915228276958 -0.02647496222617596 -0.06641516246494239 0.0462466581699196 0.08645604333601145 0.09435054304232501 0.03624519661177006 0.08317460356074749 0.06662348510103117 -0.004837040836528875 0.1033240910893172 0.06920064099819118 0.1017680314327071
 -0.1008326169349547 -0.08829694405259379 0.06024017299967591 0.03119635733993567 0.03414275292560548 0.1042865947314961 -0.05633642120925171 -0.09422584189995213 0.07399270246706413 -0.07938957773860494 -0.1063488952138987 0.01042977998514433 -0.05355422136887207 0.03702436772453005 0.08062328214282344 0.1060608645580719 0.07568088926829011
 0.08707223257666977 0.06929074266750945 0.1010991127016007 0.01344588512718847 0.104047209616648 -0.02825100565425916 0.09274094974532168 0.03631691948218868 -0.10898329592543 0.1047797527330764 -0.0224626993221929 -0.08919787325643233 0.009777282833100087 0.04215484369573766 0.115683884316253 -0.02604670194308849 0.1155419817349315


