# Created by Octave 4.2.1, Sun Apr 22 08:46:40 2018 GMT <unknown@unknown>
# name: initial_Theta2
# type: matrix
# rows: 16
# columns: 4
 0.05141321386035991 0.09850863252497039 -0.03596746322093437 -0.09060691208853933
 -0.06857402221689593 0.01774534591630045 -0.03720467245428241 0.1002416655197775
 0.09486163886263804 0.09042614150073489 -0.001877005767797646 -0.04527350820703205
 -0.02661925331066682 0.01250668890370502 -0.006944970705634407 -0.02262743891877567
 0.0009118428115622718 -0.1120472788787419 -0.0296292714146979 -0.08478605715045881
 -0.00599590548109534 0.03571971773986826 0.07114385586075392 -0.02241084704266079
 -0.006558394466468498 0.1168378432016173 -0.01587044706265557 -0.04865106975807428
 -0.09209641913033974 -0.08304484522762416 0.04692680500143989 0.1187406088084803
 0.1013546937100669 -0.03957821034824313 0.1091440602861302 -0.0681979415990374
 0.02641780417397138 0.100728578923205 0.06097163287745153 -0.04673441269021522
 0.09225679378658785 0.02001329833652188 -0.004562451945294546 -0.05407883427392793
 -0.006878690448090738 -0.0138789256208216 0.09091079078829911 0.1198114181590252
 0.05267601908592751 -0.0324219214080612 -0.1082567981890567 -0.01965884961177615
 0.01176013040032967 -0.09457949498307411 0.08192735814481833 -0.05199778276172087
 0.01659056023370825 0.004801254827569157 0.00997780134641818 0.05681953725914085
 -0.1053168940102987 -0.1131535091835519 0.03535997623675485 0.09042842945921278


