# Created by Octave 4.2.1, Sun Apr 22 08:25:54 2018 GMT <unknown@unknown>
# name: initial_Theta2
# type: matrix
# rows: 16
# columns: 6
 -0.08624849439360045 0.04092905017736972 0.06899052490932026 -0.02920494927197308 -0.01158648578611166 -0.1054326443840631
 0.08379969227584164 0.01254113296894871 -0.1003100448065948 -0.1136861362087769 -0.01644117275233693 -0.04339548401997362
 -0.1130980134810573 0.1056693311272157 0.06271384284135909 -0.09195455047779998 -0.02797166910552731 0.02787900130238399
 -0.09696225828148479 0.09729436160810209 -0.06768350677319084 -0.03302056384884593 0.01405778465586138 -0.08841131635296698
 -0.001742192957823741 -0.01929329949888052 -0.07067223296208336 0.09785576377329896 -0.091260339254366 -0.1064355863207062
 -0.06625918477554005 -0.06903215579011118 -0.02578987148364725 0.08329355125718008 0.03353537542477708 0.0411600391110509
 -0.0106648643792937 -0.03767026507745727 0.01933099490253509 -0.03728059968166506 0.1177543525604227 -0.01645751279754634
 -0.0958823821939476 0.1103795770354718 -0.06138471550928424 0.04987719454536074 0.02749537679559466 0.02401209816471436
 0.04136607947159629 -0.06810250866332765 0.07131562170767775 0.02476980434784298 0.09250156996150763 0.1188800941614545
 -0.0832165513123594 -0.007268557683729235 -0.01425062036664541 0.05495255964064713 -0.03569494843249543 -0.02239156951247856
 -0.04128088460236325 -0.08117595259593849 0.01470672079304081 -0.01192909306599309 -0.1152263726640966 -0.07375594200931956
 -0.02338828794713085 -0.03490222617765398 -0.09232972045508935 0.01628285783426225 -0.0425659763639217 -0.05922940176725439
 -0.06759833155115606 0.02435306445332699 0.008585142970890774 0.02892325432697557 0.02727065379597518 0.06333414741473711
 -0.08266630029523636 0.1111995998983195 -0.07051126098487964 0.08804138307250334 0.0001982860600010655 -0.09951395872567169
 -0.1105749158684238 -0.09571452916147691 -0.01757314652232234 -0.05548073515903386 0.1045715553410774 -0.07758010645736289
 -0.07128069163428077 -0.02841287846818977 0.1129783748767919 -0.04639597999662069 0.05681514987152653 -0.03662935407543066


