# Created by Octave 4.2.1, Sun Apr 22 08:42:33 2018 GMT <unknown@unknown>
# name: initial_Theta2
# type: matrix
# rows: 16
# columns: 4
 -0.02276112177719956 -0.05350801884454331 0.07379191036187094 -0.01382804039891002
 0.07757101615113229 -0.008937114597174195 0.03621713921167621 -0.02525564248315022
 -0.1083060734789537 -0.02754087566298835 0.0924063357163529 0.1194801639655106
 -0.07606807554850716 0.01933400450128087 0.104120838162779 0.009799032180753203
 -0.01426188978411219 0.08555624666450107 0.01640216150029036 0.03001832143496883
 -0.02824854339670706 -0.06019875513379994 -0.03194128253083775 0.09757679261548652
 -0.08604469304878196 -0.03190100553928575 -0.006438755467278609 -0.02659955473598721
 0.09428581188992508 0.09935061377783153 0.115759928851315 0.1141528504664595
 -0.04239689904306718 0.1039939977609017 -0.08378594216202717 0.05433478770034342
 -0.09622592854290904 -0.03901745461460661 0.08337980498550698 -0.06553639599374603
 0.01732228679322956 -0.08896351768538643 0.1074792948623848 0.03904694097687753
 -0.01027681234631475 -0.09424161960734229 0.00119262014924737 -0.1028530575910612
 -0.04230258067679052 -0.117975075247615 -0.0948719978627362 -0.09584596623857186
 -0.02472033354919545 -0.06410607318823187 -0.002128273628248828 -0.04090877976718872
 -0.05994783384767516 0.003016938456459617 -0.08317067852215207 -0.08054037661654934
 0.03783686111704637 -0.05748704207928508 -0.02203385732882933 0.1116663310352332


