# Created by Octave 4.2.1, Sun Apr 22 08:42:32 2018 GMT <unknown@unknown>
# name: initial_Theta1
# type: matrix
# rows: 3
# columns: 17
 0.1152996819417357 -0.1114870781583618 0.05443434105117703 -0.03204553692941982 -0.004264137141371513 -0.08872323487499795 -0.1149730534771109 0.0265047534424642 -0.02079871892021616 -0.06296971536281254 0.02112459154207624 -0.07080998398085739 0.02528919530637178 -0.06056649317875223 -0.03233644336358421 -0.03970098851368785 -0.07962671900828025
 0.002220170663061141 0.01060262414575627 0.1155727167854251 -0.1045687981754825 -0.06206916185070841 0.09532456913876494 -0.0343680406236662 0.0146590122825494 -0.06212076602000278 0.06808147567526351 0.07154924378179744 -0.1046723023732124 0.02173584473606299 0.1149765228708191 0.05179918805221803 -0.03317832364283393 -0.01462689798009117
 -0.09183653041308754 -0.06709721395269252 -0.02098754990522729 0.05221564078693078 0.07569207274106474 0.02916771255506898 0.07729793202494822 0.05345809169362159 0.1142230423712252 0.06046700953207973 -0.09409558208247325 0.06816377721510944 0.07010250179066588 -0.04987260451514265 0.05958615608027781 -0.009281941826807083 0.02062652562648837


