# Created by Octave 4.2.1, Sun Apr 22 08:59:36 2018 GMT <unknown@unknown>
# name: initial_Theta1
# type: matrix
# rows: 3
# columns: 17
 0.04614664134746627 0.01279298424604441 0.02426638307250858 0.09117351400227963 0.02587306246989152 -0.0534053454359301 0.04594372515309392 0.01739756683962215 0.016208548054998 0.07927977079661802 2.268712418367069e-005 -0.05915593873839695 0.06421116491438705 -0.08552254456154901 0.07646179347983628 -0.008915794070496433 0.05874475714320812
 0.02057103744310271 0.04658752456192863 0.07575671888504124 0.002208983933516956 -0.07662434931853448 -0.06171990163042014 0.02609601092891081 0.05281063269675715 0.07102301810847886 0.06014644828604815 0.1080999511661558 -0.07438248350726931 0.05462772932190779 -0.0906902990528463 -0.06937813318633346 -0.008821179608277246 -0.05554928482512567
 -0.08502277702021072 0.1140932536493782 0.07259783898172395 -0.08930047165774226 0.1026302251552161 0.005346676924063626 0.09539710297663304 -0.0102248878885686 -0.09547521978314492 -0.08909284105589607 -0.0036492968723221 0.1008938851367573 -0.004469954700868126 0.02445906968265893 0.09261053126433128 0.004025023429714503 0.0815993238626406


