# Created by Octave 4.2.1, Sun Apr 22 08:49:13 2018 GMT <unknown@unknown>
# name: initial_Theta1
# type: matrix
# rows: 3
# columns: 17
 0.03123205750761637 -0.03010602803852956 -0.07428923039229579 0.01568557853052352 -0.01922557280028417 0.0489242495520254 -0.1084690355530343 -0.1190343433870621 -0.01756555202774035 -0.06193891909730357 0.08859889495510806 0.1013584479846279 0.0178379602862811 0.05197948355751758 -0.09755622801212015 0.06305940365937124 -0.01100184582580284
 0.01796578059318479 0.002941965063174998 0.01204210037285022 -0.06901571384672656 -0.06074795206959847 0.1070657847187858 0.05889020296362127 0.03051214796908272 0.07177399589187927 -0.09117026877848265 0.009479065194898884 0.09691100431672792 0.04179987696494553 0.03125764677981632 -0.1080113694918489 0.08551996258057351 0.01585881867783706
 0.02369548625489387 0.1105326857635161 0.08676700251397054 0.02831010791544741 -0.0154889080385926 -0.02474982659364713 -0.108732268689255 0.07655117877252166 0.05693806796899004 0.05195109122016481 0.1083412164336021 0.001950701118684534 -0.1146405376246428 -0.09498547692741753 -0.07949509318893203 -0.04159685659932628 -0.02901177178650778


